Student,Exam1,Exam2,Exam3,Exam4,Exam5,Exam6,Exam7,Exam8,Exam9,Exam10,Exam11,Exam12,Exam13,Exam14,Exam15,Exam16,Exam17,Exam18,Exam19,Exam20,Exam21,Exam22,Exam23,Exam24,Exam25
student1,76,67,84,72,57,52,74,68,72,87,67,71,58,75,93,87,100,85,74,74,81,88,65,78,69
student2,65,70,66,100,69,62,95,76,66,63,95,96,58,53,91,86,61,96,90,83,74,50,59,85,78
student3,73,83,50,67,69,78,64,65,70,93,51,76,93,86,58,66,75,78,78,63,87,95,91,82,96
student4,59,77,69,89,70,72,90,59,87,83,63,51,94,73,59,80,96,53,81,69,66,99,66,68,96
student5,81,58,71,59,62,56,51,93,83,87,86,66,97,65,77,64,84,52,97,85,57,75,76,50,84
student6,79,60,75,61,92,63,77,56,65,89,75,51,80,59,72,79,85,97,65,100,90,54,96,92,91
student7,86,90,59,73,98,54,90,71,78,84,100,89,82,89,91,74,70,91,79,64,93,90,61,59,81
student8,58,98,74,62,81,69,86,92,62,97,54,92,61,77,76,56,86,82,85,57,79,63,100,53,100
student9,85,97,96,80,86,100,56,67,99,70,90,51,70,69,98,87,54,87,63,68,52,70,54,50,83
student10,53,90,77,93,88,52,75,51,92,97,54,100,57,96,74,68,53,51,87,64,76,98,51,94,68
student11,82,56,67,79,90,66,56,71,56,88,67,91,58,68,97,82,97,89,69,55,57,50,71,98,94
student12,52,72,57,73,69,79,90,58,58,93,74,57,59,77,85,50,78,78,88,74,72,75,81,66,74
student13,92,98,89,52,75,87,97,90,84,65,74,80,53,69,61,96,50,99,82,95,88,91,54,68,68
student14,95,65,76,93,67,86,95,99,58,57,93,68,74,52,80,83,84,72,80,86,72,54,67,70,82
student15,78,78,87,54,53,68,78,77,73,76,51,83,65,71,65,54,59,59,90,86,81,53,89,64,92
student16,88,65,82,88,58,81,75,63,67,67,61,53,81,58,84,55,99,96,76,59,57,98,63,78,64
student17,96,56,51,94,50,80,84,65,66,87,65,89,91,98,85,92,50,89,69,82,89,50,92,56,69
student18,87,84,86,88,85,53,91,93,88,82,99,91,79,51,100,61,79,72,58,58,73,96,66,99,75
student19,97,80,71,93,54,98,56,76,62,57,70,61,60,78,91,66,56,84,87,60,61,98,65,51,83
student20,81,92,77,65,97,52,58,65,68,76,81,85,64,93,57,77,81,95,73,54,52,75,96,94,60
student21,78,97,75,98,71,88,94,52,92,76,71,80,67,90,68,74,85,76,60,91,73,51,59,83,69
student22,53,86,90,84,77,51,90,90,94,81,86,82,74,61,53,71,98,74,50,94,53,51,59,60,61
student23,82,68,99,86,62,75,59,62,78,59,98,57,80,74,54,61,97,87,79,76,56,57,62,90,92
student24,53,79,72,62,54,80,69,87,97,78,73,91,79,96,56,92,79,66,88,70,89,73,79,58,62
student25,94,72,88,84,80,84,62,60,91,65,86,75,55,73,95,61,82,59,85,79,75,99,52,64,95
student26,58,56,59,90,95,80,100,97,84,66,61,92,88,90,71,80,68,51,77,51,50,51,73,86,71
student27,63,75,68,100,85,80,94,80,73,54,66,74,80,75,62,76,94,68,58,76,73,67,93,81,69
student28,82,85,92,91,80,55,61,71,60,69,96,71,84,53,82,97,100,84,79,83,88,78,92,91,51
student29,64,56,89,65,61,51,87,93,60,84,56,50,57,72,88,78,95,66,79,56,94,81,50,83,100
student30,51,77,73,98,55,60,74,75,91,71,86,77,93,89,96,86,50,90,66,77,59,64,65,60,68
student31,93,92,62,65,74,76,69,98,94,86,55,55,81,98,65,99,92,71,57,98,54,53,88,95,75
student32,54,97,81,86,79,94,100,67,66,83,67,52,52,87,78,51,60,57,61,85,91,50,75,84,50
student33,81,57,58,68,65,96,65,50,71,61,99,52,72,97,87,66,51,97,73,52,50,81,95,70,82
student34,78,81,66,67,97,92,88,89,93,64,71,100,89,80,70,84,96,86,67,64,92,77,72,59,97
student35,62,52,62,94,82,65,81,67,92,75,55,64,69,91,84,95,50,73,78,63,60,80,94,61,87
student36,77,98,76,90,95,100,76,88,66,91,74,90,87,65,53,74,99,77,97,99,94,67,81,52,56
student37,83,87,68,91,73,84,98,57,76,68,89,70,88,93,76,87,99,66,86,50,50,63,89,67,79
student38,78,53,81,91,83,71,97,88,83,99,66,87,66,75,86,75,59,76,98,82,53,57,82,65,59
student39,56,89,83,61,51,69,67,77,100,54,97,53,94,80,98,56,94,56,74,75,56,52,72,63,96
student40,53,79,73,75,96,67,97,61,53,95,56,81,70,61,98,50,86,56,82,86,72,78,98,100,92
student41,58,55,78,96,98,77,53,87,91,64,54,71,58,83,72,84,56,62,71,72,95,77,96,89,92
student42,68,81,52,81,85,98,67,87,84,62,53,71,68,81,93,77,81,85,81,82,80,63,70,83,94
student43,76,74,97,68,53,65,62,100,81,73,71,70,58,55,81,53,72,57,85,75,62,97,91,53,79
student44,92,72,99,89,95,54,58,74,61,77,70,76,85,59,78,83,73,59,68,98,57,82,86,71,74
student45,63,98,59,62,96,69,72,65,92,95,66,96,67,73,50,54,85,85,91,87,66,95,56,77,51
student46,72,98,71,76,61,51,97,94,59,69,84,88,84,92,61,80,65,88,86,64,87,68,76,62,66
student47,50,98,95,96,56,52,100,80,93,80,64,99,60,58,86,66,70,63,84,64,59,53,78,88,69
student48,67,90,52,84,75,97,89,68,88,99,83,73,92,90,72,90,82,58,70,90,93,65,92,85,64
student49,67,72,80,77,82,78,89,51,71,54,51,64,53,75,66,56,53,91,63,100,98,54,53,88,92
student50,55,73,90,71,76,97,89,55,77,50,81,61,88,84,77,95,75,64,76,68,65,85,67,75,67
student51,77,73,73,98,66,94,97,86,85,96,78,88,82,93,51,88,50,68,83,93,63,61,74,55,61
student52,58,91,62,74,64,50,51,61,94,87,100,53,60,56,68,53,84,96,53,64,73,98,81,81,78
student53,66,59,76,70,75,93,64,87,74,51,58,79,61,90,96,90,61,61,53,59,88,88,60,87,51
student54,78,92,59,56,95,53,56,78,90,78,94,56,64,60,85,92,93,78,80,92,50,99,83,70,96
student55,53,67,92,51,77,76,57,86,76,68,95,98,81,56,75,100,69,60,84,63,76,51,97,84,84
student56,99,53,93,54,54,93,99,79,74,77,98,63,64,99,73,53,62,88,54,79,72,51,64,89,73
student57,68,85,97,77,92,75,88,88,87,100,79,51,96,79,55,81,89,92,59,64,73,68,60,74,93
student58,79,69,62,83,70,75,93,92,91,73,57,53,98,52,76,64,89,95,90,87,87,78,56,84,60
student59,86,88,52,75,71,63,79,72,95,82,81,66,64,54,55,89,54,57,53,77,63,69,77,53,97
student60,55,64,57,50,77,90,76,59,51,100,89,53,51,83,74,90,81,85,81,95,82,66,89,97,93
student61,56,95,87,79,96,52,54,90,50,77,62,92,100,55,91,97,80,69,72,57,82,66,77,85,94
student62,61,96,95,52,86,71,63,81,92,100,52,68,89,68,93,71,88,71,78,83,81,77,87,70,53
student63,75,72,69,56,80,77,65,77,61,90,74,52,94,78,53,93,70,54,65,60,100,76,81,90,70
student64,93,83,83,79,82,56,80,60,94,57,82,81,67,91,72,78,70,66,87,73,51,99,78,70,82
student65,67,59,79,65,98,99,76,83,69,78,99,90,79,68,75,68,75,100,70,52,59,96,62,74,77
student66,59,95,50,71,63,65,57,58,86,54,67,98,58,84,52,79,83,64,60,84,97,97,54,96,65
student67,64,89,100,69,87,90,100,71,87,53,82,52,78,92,60,69,94,98,95,71,72,52,81,83,69
student68,72,88,85,68,87,57,75,93,65,89,51,94,78,66,81,88,97,62,77,90,80,53,83,99,75
student69,81,86,99,56,70,68,77,79,68,89,86,65,87,97,72,77,87,63,90,95,100,82,61,78,75
student70,70,99,91,53,74,84,99,90,88,78,93,77,52,64,56,68,62,51,57,64,51,67,83,76,93
student71,77,67,99,88,73,75,73,86,53,92,91,66,52,62,63,70,96,55,94,80,78,90,53,61,53
student72,59,97,62,80,57,50,83,56,88,93,69,88,88,94,83,93,96,56,97,74,99,54,64,51,52
student73,87,60,85,61,81,93,83,59,67,84,80,97,79,75,51,63,75,87,79,88,76,84,62,54,91
student74,50,54,93,75,99,81,62,75,61,86,84,86,89,79,88,78,50,98,74,57,63,51,75,91,68
student75,78,74,86,73,65,94,63,94,53,68,83,87,83,65,77,71,75,87,55,80,77,98,52,97,97
student76,57,76,65,70,71,80,69,58,80,87,66,68,75,86,74,53,57,78,55,87,80,68,63,63,53
student77,72,50,79,56,66,51,87,68,59,60,52,50,82,98,100,59,67,75,94,80,60,94,91,55,68
student78,52,67,50,70,64,52,85,57,95,57,94,95,71,80,65,65,64,93,89,57,84,86,79,84,61
student79,91,66,53,78,92,76,62,60,72,73,59,76,60,50,63,57,97,71,85,77,95,85,57,96,56
student80,93,88,67,53,52,65,69,87,55,84,58,51,60,86,71,90,61,83,82,99,86,77,97,72,70
student81,57,67,88,95,93,50,72,67,92,50,84,90,52,55,91,92,67,76,95,83,84,58,78,64,61
student82,51,78,97,88,85,51,57,53,89,74,66,78,96,98,54,64,70,88,83,94,95,74,100,63,99
student83,63,85,50,66,72,79,79,61,74,88,58,67,60,69,59,98,75,71,89,50,74,50,50,60,76
student84,94,62,71,52,65,90,73,94,74,97,100,59,100,57,70,81,100,90,85,59,90,57,81,94,99
student85,100,82,55,97,75,86,63,60,72,87,57,75,92,78,83,66,98,77,89,86,53,76,68,58,89
student86,63,57,69,56,70,73,68,57,92,74,96,98,65,83,52,97,91,72,68,79,61,77,50,63,77
student87,62,79,76,84,51,91,88,100,74,59,66,98,58,73,95,57,86,84,53,51,86,50,80,70,93
student88,52,91,79,65,68,73,55,85,67,65,79,75,67,62,72,77,72,63,100,95,100,85,98,66,65
student89,96,56,80,84,89,65,70,85,91,71,78,79,97,82,60,58,52,82,58,99,100,72,59,73,84
student90,63,81,68,73,68,69,97,69,95,86,76,94,59,50,94,98,71,62,53,98,69,64,98,75,75
student91,55,65,74,66,69,75,56,83,74,68,73,93,53,91,79,75,87,62,52,77,51,81,73,59,56
student92,76,73,76,50,81,91,54,98,76,58,80,75,69,57,72,70,54,92,51,75,65,93,62,80,64
student93,92,95,64,82,69,55,75,68,87,72,99,92,62,94,79,51,87,75,67,83,54,82,88,77,92
student94,73,87,91,96,72,67,61,52,85,88,70,53,88,59,83,77,61,71,92,91,66,73,51,74,91
student95,61,51,50,54,82,100,54,67,95,94,100,73,94,100,57,71,62,75,52,94,81,63,85,95,93
student96,67,55,68,76,73,71,52,51,84,97,88,92,65,53,93,80,58,57,52,91,50,79,55,84,100
student97,73,91,61,84,95,77,80,81,57,93,68,50,60,86,79,55,85,57,54,52,98,50,56,83,52
student98,52,93,96,87,99,94,66,89,68,70,52,58,80,60,60,66,74,84,52,85,66,74,72,100,55
student99,63,82,72,72,58,66,79,56,74,89,59,62,77,67,87,56,92,58,60,82,85,59,96,61,72
student100,61,80,89,66,89,96,81,97,73,86,77,54,75,60,65,97,73,89,79,93,84,67,79,88,67
student101,76,57,100,50,100,60,57,57,63,88,53,66,64,97,80,60,60,85,61,95,59,60,55,100,50
student102,51,60,98,60,92,65,63,63,86,74,96,63,85,54,89,51,87,83,90,76,98,98,78,50,52
student103,94,76,98,76,61,67,89,62,55,51,70,93,63,75,51,82,80,79,67,61,75,69,72,87,97
student104,51,51,69,89,67,59,93,81,72,97,100,67,95,68,50,63,76,81,92,89,76,87,90,70,63
student105,61,80,65,69,66,89,53,74,59,74,63,59,97,68,51,97,77,56,64,88,83,82,53,83,85
student106,100,65,90,80,55,89,77,70,58,54,82,87,54,74,77,57,57,56,65,50,99,61,70,95,56
student107,65,78,100,94,75,100,59,88,52,85,86,78,93,53,52,95,94,80,80,65,89,97,79,64,50
student108,64,84,87,75,55,51,51,57,85,60,50,50,63,85,51,52,89,99,68,76,82,88,76,96,92
student109,83,84,54,88,94,65,72,57,63,97,63,56,99,52,86,81,56,73,64,60,68,85,91,52,99
student110,71,71,96,78,50,61,55,84,61,62,97,53,72,77,63,85,91,98,72,88,95,79,62,95,54
student111,54,74,55,72,91,67,79,68,89,52,81,71,86,57,55,50,51,65,50,67,53,78,75,75,76
student112,64,62,91,85,87,64,64,54,84,54,93,75,56,67,80,55,55,84,82,62,66,72,71,97,92
student113,83,97,95,89,81,85,98,91,75,70,99,90,94,74,60,88,74,69,96,92,77,55,88,85,97
student114,55,100,60,79,68,92,57,73,74,89,77,79,66,65,76,59,88,63,64,51,71,80,99,69,71
student115,92,52,57,100,56,80,89,98,86,87,99,91,66,87,78,61,98,54,86,96,70,74,83,53,52
student116,85,73,88,61,88,59,76,64,90,68,73,50,99,84,60,78,50,100,55,64,85,96,77,96,60
student117,59,89,76,72,95,86,61,99,80,92,58,94,55,70,77,96,55,95,56,85,51,90,56,68,74
student118,51,93,54,97,66,85,74,94,68,62,62,50,100,93,72,94,58,60,67,76,73,97,89,83,67
student119,57,56,75,71,86,88,81,70,68,81,89,83,69,65,66,97,86,57,90,53,99,78,99,96,66
student120,95,89,89,100,95,77,94,87,64,69,65,73,86,66,67,90,85,51,73,100,82,86,85,56,81
student121,81,80,99,58,67,65,67,50,83,83,72,61,51,93,76,55,84,62,77,66,87,51,82,99,78
student122,51,60,94,90,52,52,100,76,61,99,82,70,64,53,100,57,70,66,74,74,74,51,55,65,84
student123,93,78,59,58,68,98,82,69,59,89,70,82,94,79,74,75,52,93,64,56,76,80,60,90,90
student124,66,86,62,69,82,80,97,98,91,62,93,91,77,77,92,76,77,59,54,97,56,62,100,56,62
student125,59,52,76,59,60,52,65,94,76,96,90,97,63,75,83,67,67,84,89,90,76,77,66,94,66
student126,88,60,52,76,97,93,85,72,91,76,62,84,91,83,71,88,72,60,75,73,86,96,85,89,95
student127,92,74,64,75,62,78,58,54,56,65,53,60,87,96,72,64,59,51,58,91,93,84,86,62,67
student128,64,50,74,52,81,67,72,94,92,55,91,93,91,67,58,81,57,59,77,90,62,74,62,100,76
student129,85,78,70,98,56,74,51,75,68,90,95,83,82,51,52,98,77,67,69,81,71,72,51,93,76
student130,55,50,80,77,69,69,51,93,53,65,50,86,93,51,55,86,67,52,85,67,55,80,50,65,51
student131,58,93,67,63,79,55,73,65,82,65,60,56,90,60,84,62,58,79,59,62,72,69,60,61,53
student132,77,54,96,92,64,70,74,51,98,64,96,88,79,80,92,97,70,62,76,52,67,66,74,80,81
student133,50,84,99,61,94,68,98,98,88,56,61,56,83,95,65,53,74,50,59,88,65,94,73,85,83
student134,63,76,69,53,50,84,65,61,91,51,98,73,82,52,97,94,50,74,50,53,53,93,76,79,66
student135,70,86,88,74,92,76,98,97,87,83,99,94,94,58,91,92,64,91,99,97,89,65,54,57,91
student136,50,83,98,82,89,68,68,64,68,64,59,75,99,90,100,100,61,59,77,71,85,79,87,57,90
student137,86,55,77,76,80,92,77,78,56,75,93,78,59,90,73,51,81,80,85,61,68,79,51,96,69
student138,94,65,56,88,85,80,60,55,64,92,77,86,66,71,62,75,87,98,68,89,69,95,51,96,50
student139,79,62,75,87,88,98,100,100,78,56,100,93,64,89,82,60,57,95,71,82,79,99,54,91,91
student140,88,72,51,55,79,68,68,89,91,61,72,61,83,89,56,85,100,59,64,58,79,74,58,91,56
student141,87,64,78,59,62,59,92,86,95,52,87,62,75,80,99,100,74,86,66,88,51,53,79,62,91
student142,94,62,73,98,70,94,67,52,67,72,99,62,98,76,57,100,85,89,57,96,81,82,81,71,74
student143,91,66,86,69,93,90,71,90,99,72,55,82,81,84,72,71,72,50,51,79,100,63,58,63,77
student144,90,60,88,54,92,88,75,50,94,89,71,67,52,69,80,64,75,79,55,93,83,71,88,61,93
student145,59,82,65,91,82,72,66,71,90,89,82,93,98,63,96,85,98,90,58,83,79,52,53,81,56
student146,93,66,70,79,91,99,100,76,93,90,68,65,62,88,100,52,69,80,83,78,98,72,62,54,74
student147,82,83,57,64,67,74,70,84,85,89,61,85,84,89,57,71,68,59,80,59,82,53,70,89,87
student148,92,92,74,52,97,67,92,66,58,89,87,95,73,99,61,58,72,75,60,98,56,80,92,50,79
student149,79,77,53,68,98,65,68,53,66,85,67,83,84,98,63,67,58,68,58,57,61,78,75,81,82
student150,56,65,71,76,66,79,73,77,64,51,54,76,66,78,96,89,57,91,65,98,66,55,76,55,98
student151,98,57,81,58,58,65,67,53,95,64,76,53,62,65,73,50,97,51,57,84,79,91,90,72,80
student152,83,82,62,84,58,66,57,60,61,72,97,81,63,87,53,51,91,73,100,51,55,57,56,52,68
student153,90,52,88,51,81,65,68,58,72,95,96,96,57,72,74,79,80,93,75,92,78,81,93,63,71
student154,87,71,73,62,94,74,67,69,81,63,70,100,72,82,71,78,82,95,93,76,90,84,91,68,79
student155,77,84,63,100,61,77,85,53,58,78,87,94,88,72,67,64,64,97,97,77,98,63,50,61,75
student156,58,50,57,90,67,72,100,80,93,65,92,87,64,82,93,68,82,54,92,66,87,85,93,55,94
student157,84,89,90,90,80,75,64,75,85,69,61,93,85,98,52,88,60,98,72,86,74,55,58,96,81
student158,73,62,86,78,93,89,77,82,74,84,84,58,99,88,84,97,88,50,60,67,91,62,62,83,68
student159,92,51,94,97,82,96,89,62,50,69,51,97,94,55,58,78,70,77,71,68,85,55,96,79,69
student160,96,72,58,65,91,72,79,54,77,57,85,89,61,100,67,91,50,88,91,54,94,72,74,66,77
student161,84,68,51,99,56,85,61,96,51,97,74,67,63,94,81,51,51,89,80,66,65,99,91,72,53
student162,56,69,78,100,52,68,84,75,91,69,99,63,72,85,51,77,65,95,58,58,72,75,68,63,89
student163,74,83,51,53,73,92,62,91,97,97,95,83,91,52,57,92,88,68,93,64,75,77,69,77,93
student164,82,80,72,61,71,98,65,71,94,64,92,87,73,73,94,73,53,65,72,95,100,79,72,64,98
student165,100,52,50,58,69,87,77,85,60,85,92,75,80,97,98,74,89,56,89,77,60,84,68,92,86
student166,58,89,81,50,95,91,85,57,51,94,86,70,98,59,61,95,72,91,89,88,99,99,67,97,87
student167,63,80,57,76,67,82,54,96,53,56,80,82,95,78,96,61,94,88,91,54,69,75,100,78,97
student168,100,62,55,81,86,91,82,72,52,72,73,86,71,91,56,81,50,63,83,94,97,74,54,90,50
student169,73,78,65,77,71,57,72,70,72,73,81,56,64,55,76,83,64,95,75,78,82,53,68,95,52
student170,100,89,61,62,75,74,72,86,50,80,65,92,59,72,63,74,75,61,80,70,62,67,72,77,74
student171,79,53,85,83,59,59,72,59,73,98,88,86,80,61,83,81,76,96,79,73,80,56,95,53,71
student172,52,96,97,67,68,90,68,84,61,94,92,75,76,84,56,74,59,85,88,84,82,93,72,51,57
student173,97,80,91,91,80,97,60,87,62,91,61,79,58,97,55,62,93,58,59,69,60,84,84,100,50
student174,92,69,80,58,73,77,62,54,68,97,54,73,89,82,55,80,75,64,67,99,99,80,100,73,79
student175,70,99,98,64,74,85,69,78,74,74,98,55,94,74,55,85,86,73,50,83,73,53,93,81,57
student176,95,92,63,55,88,88,85,51,90,80,76,90,71,54,75,62,94,65,71,69,91,92,62,72,67
student177,77,86,57,83,97,84,85,71,82,69,55,86,52,75,52,58,66,61,70,77,73,74,52,53,83
student178,52,82,82,91,92,92,100,89,97,99,81,78,67,80,90,61,72,84,61,81,54,91,58,69,100
student179,70,91,74,60,75,100,60,66,59,99,100,75,85,75,50,73,75,94,99,62,83,89,79,78,52
student180,87,56,76,58,54,91,89,88,57,65,99,80,68,53,62,95,78,57,53,89,68,87,82,87,57
student181,83,81,70,50,97,71,70,57,87,50,74,89,95,67,75,79,94,69,93,98,78,57,100,87,98
student182,86,96,56,88,56,97,59,95,91,91,64,62,83,90,82,70,78,87,89,75,56,78,80,93,86
student183,74,50,52,61,80,51,70,50,79,75,56,90,81,72,63,96,52,80,79,58,81,52,74,59,55
student184,68,65,76,55,61,79,99,76,84,69,83,99,98,66,77,85,98,52,74,89,77,78,66,56,91
student185,53,79,73,84,72,51,70,90,68,98,96,83,51,78,69,92,56,99,59,59,71,51,61,75,77
student186,71,54,55,58,56,100,72,91,87,99,50,63,52,91,91,86,98,88,66,70,63,58,96,87,94
student187,88,85,86,64,82,50,64,92,76,88,78,78,82,91,90,50,82,67,78,66,54,63,80,84,53
student188,74,80,54,58,56,86,54,51,56,64,93,88,55,73,79,82,94,62,59,80,51,90,53,67,79
student189,91,90,87,72,65,96,63,92,84,69,79,96,81,92,73,56,82,64,58,67,82,91,60,55,79
student190,82,68,77,65,92,91,87,80,58,64,89,74,100,89,90,77,59,65,80,52,76,50,79,65,95
student191,72,82,56,76,96,72,64,100,81,57,58,60,86,65,59,95,51,92,57,83,58,66,56,70,69
student192,52,82,61,71,98,58,75,58,77,55,87,73,81,54,70,58,69,86,95,79,62,82,51,94,64
student193,70,93,77,85,98,52,53,100,98,59,69,62,69,85,60,67,81,84,51,87,62,69,56,64,80
student194,87,92,78,75,96,62,86,75,65,73,91,88,62,82,61,71,65,76,74,64,79,73,93,77,66
student195,86,80,100,69,74,52,53,73,56,86,56,99,78,55,72,88,83,64,51,57,64,93,71,98,56
student196,92,82,77,80,67,60,60,82,86,67,72,53,96,55,98,91,50,67,67,73,66,75,59,61,66
student197,90,82,99,85,90,72,79,96,96,98,51,80,82,50,63,93,60,51,71,72,63,79,82,63,61
student198,55,91,97,96,76,93,53,51,100,76,85,91,88,70,88,54,78,98,94,53,53,56,74,75,59
student199,81,81,91,54,72,54,61,59,94,98,62,73,56,67,51,77,81,99,91,88,64,70,94,77,76
student200,58,50,83,58,61,87,51,78,81,92,82,61,94,78,79,79,59,66,81,96,61,93,73,75,58
student201,67,56,98,65,68,77,81,74,91,79,58,63,56,93,62,95,77,56,85,80,77,70,89,70,84
student202,85,54,63,76,55,51,59,53,69,69,71,100,71,51,62,86,71,90,56,57,64,62,52,52,56
student203,97,94,71,92,98,100,66,98,89,91,59,58,55,62,80,82,68,53,79,82,63,81,79,72,90
student204,74,96,71,98,57,76,87,68,95,73,59,90,85,84,63,58,70,54,55,85,91,94,89,89,53
student205,62,61,71,88,51,80,82,89,79,94,90,73,54,86,53,73,90,80,58,86,52,79,87,52,87
student206,84,75,54,97,52,51,79,78,71,76,87,85,99,56,86,79,54,85,73,73,67,97,53,80,71
student207,76,66,76,68,51,68,54,97,80,97,60,50,67,63,76,76,93,97,66,100,84,72,64,86,66
student208,61,72,65,80,86,61,95,59,73,56,64,81,95,74,96,72,84,52,80,77,57,63,100,81,67
student209,89,63,77,50,95,59,79,65,58,51,80,93,84,100,71,81,95,92,74,51,88,80,77,98,63
student210,79,52,62,89,92,76,98,100,61,66,52,89,98,96,74,79,80,67,75,96,96,79,51,72,95
student211,63,60,69,65,53,63,83,52,96,74,68,81,54,51,95,84,96,58,73,99,76,83,91,88,68
student212,86,60,70,64,87,78,63,58,89,99,64,68,52,77,53,85,95,84,56,89,80,52,89,69,80
student213,93,63,57,78,66,58,84,60,89,79,62,98,50,59,67,55,77,78,72,53,72,52,53,66,78
student214,76,72,60,65,95,96,81,64,52,50,75,74,69,96,58,92,74,58,98,87,56,100,68,54,68
student215,96,87,100,67,80,89,54,77,56,68,76,91,83,98,98,91,52,77,91,81,81,84,62,70,74
student216,87,87,79,98,65,72,68,92,73,54,83,98,58,99,65,53,76,88,91,69,88,66,72,86,67
student217,88,64,58,53,97,73,96,85,58,65,70,67,53,74,83,61,96,90,54,85,81,65,94,81,51
student218,54,89,72,61,82,57,74,60,55,96,75,67,97,53,91,57,77,90,52,58,92,83,96,58,72
student219,71,94,96,99,64,99,71,61,74,60,61,79,67,68,66,93,78,91,84,100,55,83,85,66,97
student220,96,94,71,50,52,88,83,83,80,57,53,62,61,98,73,68,95,50,80,81,76,54,62,96,79
student221,71,74,91,78,89,77,69,81,100,88,90,63,77,74,69,73,70,86,85,69,83,86,81,89,52
student222,56,81,56,79,93,61,92,69,59,92,72,86,53,59,58,88,88,53,62,64,93,59,93,66,75
student223,87,91,96,72,54,88,73,74,84,70,82,69,67,58,56,52,65,93,97,85,61,59,52,90,50
student224,59,52,51,91,97,78,53,57,57,83,85,94,79,87,78,93,87,56,95,58,64,83,80,57,59
student225,58,88,78,96,59,97,74,55,50,52,58,57,77,69,78,93,62,86,78,60,59,66,89,78,64
student226,80,99,99,96,70,64,65,72,54,54,94,62,55,86,58,69,71,60,91,53,54,92,59,79,62
student227,74,90,95,64,70,85,58,65,64,88,93,70,83,68,50,89,77,84,99,93,88,67,84,56,63
student228,51,81,88,79,65,62,52,91,59,50,57,70,77,84,74,90,53,71,58,72,80,75,54,87,67
student229,59,81,88,53,92,92,81,66,70,89,52,78,54,55,79,61,58,69,59,81,80,61,54,52,60
student230,100,57,67,95,62,94,61,77,59,90,89,72,84,100,67,93,65,86,59,78,85,97,60,98,63
student231,51,60,52,69,61,54,81,94,93,87,61,95,80,97,68,74,71,82,87,96,99,81,63,77,80
student232,84,96,78,66,54,72,77,55,65,82,54,80,86,68,94,89,78,54,71,99,98,87,68,70,97
student233,92,89,80,65,85,57,57,77,85,61,81,69,63,54,80,100,84,66,84,77,83,68,66,76,93
student234,64,72,87,70,89,50,56,75,55,59,89,51,75,52,93,75,78,87,67,82,100,97,69,75,76
student235,88,70,77,85,77,100,96,86,84,95,54,76,80,90,85,50,59,66,64,57,72,75,85,58,71
student236,77,69,51,50,57,65,87,87,91,69,74,89,75,99,85,80,87,50,99,50,58,81,59,79,71
student237,65,70,51,73,71,68,52,79,71,62,68,88,64,56,62,73,66,63,69,91,92,85,83,72,68
student238,98,69,93,53,91,70,99,77,64,69,56,84,52,52,98,57,70,67,100,69,67,56,72,70,59
student239,92,55,77,54,61,60,73,69,73,75,69,72,87,94,97,100,99,81,54,58,74,82,71,94,92
student240,55,96,64,50,58,75,72,85,56,92,58,56,85,68,95,91,72,83,54,86,88,61,61,60,86
student241,66,98,75,83,92,80,50,86,56,88,64,68,51,95,69,94,85,94,68,77,82,84,79,78,78
student242,88,65,73,51,67,78,88,61,59,73,59,70,61,67,98,64,96,68,65,78,53,76,86,78,59
student243,77,66,66,93,100,63,94,77,66,70,69,58,62,82,55,72,93,88,51,58,70,69,93,51,60
student244,84,94,77,52,81,63,74,95,59,59,51,67,70,83,87,79,79,98,97,84,62,65,68,51,66
student245,98,53,84,53,81,86,50,95,60,89,54,62,83,51,68,76,91,75,51,63,99,64,65,80,97
student246,69,55,80,76,99,73,94,88,64,56,75,77,88,56,71,77,94,69,52,97,66,89,94,73,67
student247,54,75,83,62,56,68,82,77,95,78,66,73,60,70,65,76,93,77,74,93,51,69,90,83,87
student248,61,99,97,64,83,84,52,78,53,75,78,71,58,60,96,97,71,63,92,96,88,87,73,68,56
student249,89,84,100,53,50,74,83,86,77,56,94,67,73,73,51,54,94,81,88,56,67,84,51,76,87
student250,90,67,98,62,72,94,54,78,97,73,58,86,59,64,90,67,87,60,69,55,64,90,100,77,62
student251,88,68,81,87,81,71,81,96,99,80,89,58,54,87,51,61,96,59,75,74,76,89,100,67,74
student252,100,90,52,71,100,62,52,82,77,87,88,84,50,80,99,71,67,85,81,90,58,74,100,68,53
student253,84,84,98,90,65,60,97,76,65,50,91,100,71,71,71,100,93,75,78,83,95,62,88,92,57
student254,80,69,99,86,55,95,55,89,92,92,60,88,91,84,83,87,65,76,93,57,80,76,75,59,68
student255,57,70,98,80,99,66,62,99,86,94,94,64,81,54,68,84,60,66,59,61,60,79,76,60,77
student256,95,67,99,89,77,52,67,78,61,60,79,52,67,78,55,69,91,81,95,61,96,66,52,64,74
student257,91,73,56,94,60,97,62,95,57,87,90,66,62,93,52,55,87,90,74,83,90,73,96,86,93
student258,59,100,51,88,62,80,82,96,99,58,88,91,66,97,84,88,73,89,92,95,54,81,78,83,83
student259,79,77,97,100,81,98,64,84,68,80,87,50,55,51,55,53,72,59,72,70,74,93,89,72,75
student260,50,79,80,51,97,85,93,62,72,50,78,76,59,93,67,100,63,61,60,81,56,95,67,97,55
student261,68,100,89,53,71,86,54,59,92,81,95,94,90,98,82,69,55,62,77,97,85,99,94,73,89
student262,72,88,81,55,91,89,71,66,76,64,99,60,59,58,86,65,95,74,99,50,53,65,68,87,73
student263,74,68,66,78,52,78,53,83,72,55,66,51,96,79,75,62,88,96,92,73,72,64,85,86,86
student264,68,63,68,84,77,88,50,58,50,100,52,64,60,66,61,93,84,70,82,70,89,86,56,82,62
student265,67,90,56,60,92,58,63,88,77,74,58,88,89,51,95,67,94,86,99,97,100,73,65,61,62
student266,99,83,80,68,87,91,68,52,82,73,63,84,96,78,86,76,75,53,80,89,63,86,96,50,72
student267,60,91,71,77,76,83,77,95,84,72,63,55,74,82,92,76,75,100,51,93,93,94,91,81,86
student268,93,77,94,61,98,94,78,88,99,83,79,60,62,77,78,67,55,70,52,73,93,92,75,64,88
student269,78,55,52,60,50,90,89,80,74,54,52,74,54,88,74,62,72,98,98,59,50,91,53,67,79
student270,66,68,89,84,78,73,56,75,75,85,92,88,67,94,58,80,84,91,51,80,76,84,56,98,64
student271,66,84,58,86,73,94,83,88,61,100,58,98,60,62,61,96,89,99,57,72,67,69,99,87,94
student272,86,99,81,78,54,91,54,82,50,50,56,85,52,69,55,62,62,89,100,96,94,80,56,89,62
student273,51,77,75,71,93,59,60,54,90,80,59,52,77,72,64,76,100,52,90,56,83,53,56,94,72
student274,62,61,77,66,91,73,54,77,74,80,89,62,88,54,81,94,87,78,94,70,53,91,79,88,69
student275,61,55,99,61,90,69,68,51,83,62,59,84,67,73,86,94,95,70,81,91,86,88,62,58,68
student276,97,63,97,74,70,57,72,60,77,60,99,57,74,70,87,64,83,55,80,95,55,77,51,96,52
student277,60,55,71,77,60,79,66,63,61,62,76,100,66,53,90,62,88,96,74,80,77,54,50,96,63
student278,60,82,69,99,98,56,76,98,77,83,55,54,82,84,54,66,63,57,69,100,82,84,53,93,93
student279,61,87,71,88,62,94,81,67,87,100,92,84,57,52,76,95,59,89,52,58,64,52,82,88,83
student280,67,97,96,86,88,60,90,75,89,94,83,56,62,63,88,59,65,71,68,57,84,74,81,63,71
student281,88,58,55,89,65,71,57,98,62,56,54,73,75,63,97,91,63,94,68,80,96,55,70,72,62
student282,71,92,82,54,68,77,62,62,63,76,90,86,84,78,95,52,78,87,79,83,79,58,54,92,77
student283,52,57,70,83,92,79,97,65,84,77,85,54,82,82,94,77,55,84,50,58,89,68,86,70,74
student284,94,59,61,66,65,56,60,97,91,63,59,55,71,80,52,67,79,70,53,69,64,56,81,64,94
student285,58,79,56,61,87,60,71,97,87,100,61,84,86,56,59,74,80,70,73,54,71,68,52,60,85
student286,99,65,51,57,99,67,75,61,92,73,53,99,51,81,51,53,93,91,86,56,79,64,50,95,53
student287,73,97,54,88,72,100,78,53,56,58,98,62,71,89,72,65,65,94,80,54,89,50,64,65,98
student288,52,84,79,53,72,99,78,84,66,63,53,85,78,86,95,79,62,90,68,64,66,95,85,83,81
student289,78,65,98,51,54,100,89,98,66,70,52,68,51,92,58,94,75,61,50,63,93,96,73,100,63
student290,73,80,67,89,92,70,55,62,95,56,73,99,52,97,94,78,76,87,76,86,94,94,80,78,97
student291,90,93,90,61,96,65,83,71,96,50,96,68,77,86,71,71,62,87,93,51,53,94,57,81,53
student292,72,98,69,85,95,95,67,90,59,68,59,58,73,85,65,50,72,67,69,56,77,91,96,92,99
student293,64,73,76,68,83,62,93,60,70,75,65,60,94,76,94,63,59,100,99,64,50,66,84,84,82
student294,76,88,99,88,54,84,93,92,82,96,81,90,75,79,74,95,76,63,52,67,50,62,50,90,66
student295,61,79,85,66,91,51,74,72,55,82,63,61,84,55,68,68,59,94,59,61,53,76,86,100,81
student296,71,76,78,87,81,91,88,61,53,79,60,86,71,79,70,56,58,81,61,60,63,75,78,91,97
student297,75,89,60,73,73,78,55,74,64,63,62,83,75,93,63,75,57,96,86,88,53,50,57,68,84
student298,98,87,60,64,94,61,51,76,58,61,80,85,70,65,98,53,60,86,79,78,80,81,99,54,98
student299,85,57,93,88,88,58,60,55,70,82,78,63,91,100,90,93,63,83,57,87,64,59,71,66,65
student300,71,79,61,68,80,51,59,63,79,71,68,52,89,85,55,85,78,74,68,54,68,90,50,84,62
student301,60,51,77,87,96,93,88,80,52,50,74,73,99,89,96,50,92,73,93,83,67,92,56,88,76
student302,57,91,83,63,90,97,51,58,52,100,79,63,50,56,58,59,86,56,79,97,68,68,90,88,68
student303,77,55,55,77,80,77,55,82,51,99,91,98,57,95,99,75,75,59,83,62,61,90,80,64,95
student304,90,60,78,96,100,60,96,82,52,78,94,75,68,94,93,77,57,71,95,69,56,54,96,63,53
student305,93,89,59,86,54,65,81,63,53,89,57,74,63,85,70,75,53,52,78,63,54,60,52,73,98
student306,67,60,65,74,83,62,64,58,94,95,56,59,52,85,64,84,99,91,58,76,60,65,100,90,59
student307,54,59,52,58,55,79,84,55,94,76,89,85,70,70,83,54,68,94,52,67,98,73,96,68,89
student308,91,71,75,72,55,90,80,95,89,76,64,100,68,67,57,76,72,77,88,80,91,80,78,51,72
student309,61,67,78,95,56,69,84,95,68,57,95,71,55,99,80,62,85,98,68,84,82,92,84,74,99
student310,75,96,84,63,52,56,91,71,89,90,79,71,52,75,86,99,81,80,77,99,93,91,59,91,68
student311,94,64,51,50,75,52,55,90,63,52,68,58,65,81,98,70,59,75,99,93,74,64,70,71,98
student312,90,75,64,88,61,69,69,77,58,100,81,52,67,70,99,89,70,95,95,99,52,54,77,68,78
student313,61,80,100,98,94,59,94,76,86,85,55,70,77,68,61,69,91,67,89,95,73,95,80,58,51
student314,98,89,83,56,60,67,75,78,60,61,76,60,57,77,90,57,54,53,89,93,72,100,53,63,81
student315,97,76,96,58,82,73,87,50,67,51,88,66,93,55,51,94,60,85,60,99,92,100,80,56,84
student316,76,67,58,86,73,95,61,54,52,88,52,84,79,54,74,65,90,85,86,57,62,79,88,60,75
student317,56,53,61,81,58,75,73,85,73,88,56,69,78,91,65,91,77,62,93,83,95,76,99,87,50
student318,88,89,50,53,90,62,83,66,73,86,71,55,85,69,88,68,52,58,51,100,53,95,83,98,85
student319,61,81,77,53,60,95,86,61,98,86,52,56,60,73,63,51,67,67,70,56,70,77,51,75,75
student320,84,100,72,69,78,77,52,54,73,73,63,65,79,84,100,94,97,88,51,70,58,90,66,68,78
student321,53,83,79,83,85,91,50,61,99,70,67,94,82,56,81,56,65,96,58,94,68,76,77,64,79
student322,79,84,87,84,77,79,58,74,65,66,67,56,88,61,87,67,88,75,63,67,66,71,73,94,93
student323,67,58,93,72,95,87,74,90,95,91,58,70,74,78,67,51,69,98,71,58,99,59,88,72,70
student324,61,60,61,87,95,63,54,63,91,74,69,81,90,73,61,100,57,58,90,86,67,93,87,91,96
student325,50,56,86,95,60,71,61,62,69,65,82,95,68,67,64,76,52,76,52,56,57,81,83,60,99
student326,100,52,58,85,59,93,86,89,81,98,62,51,60,97,62,89,86,60,68,56,77,76,60,89,75
student327,81,50,61,68,92,65,95,78,88,78,83,72,90,57,81,93,77,63,68,66,57,90,95,66,71
student328,51,66,59,97,62,66,99,75,98,83,87,60,66,89,65,89,72,99,63,76,75,61,58,65,86
student329,69,68,81,62,83,81,84,80,72,62,98,54,83,97,85,91,79,95,71,79,52,100,84,94,81
student330,77,63,86,81,81,89,71,75,51,60,82,53,82,82,77,95,60,77,60,70,90,78,68,90,69
student331,78,94,57,51,90,53,93,77,61,91,96,79,90,61,70,74,64,76,64,51,75,84,50,86,79
student332,52,86,84,80,76,95,58,75,64,68,70,72,78,89,83,51,80,62,61,54,89,64,52,87,73
student333,99,82,80,86,83,70,65,59,63,73,83,69,51,72,52,53,64,74,58,68,92,81,95,56,72
student334,54,82,77,52,91,93,80,89,75,70,87,86,55,73,64,77,77,57,61,89,50,92,84,53,100
student335,80,86,69,83,53,63,93,68,70,86,81,60,75,81,62,50,94,61,84,59,54,51,58,85,90
student336,68,69,86,91,84,66,86,91,97,58,78,53,70,71,51,71,57,69,91,93,60,100,60,61,53
student337,61,77,61,61,85,84,56,75,74,67,95,82,80,84,89,100,81,77,58,90,63,99,95,95,77
student338,69,99,81,95,71,94,59,93,85,88,93,70,80,93,77,58,72,79,76,98,93,96,89,97,86
student339,55,85,60,72,71,76,76,94,80,81,63,70,91,56,75,74,88,94,77,51,61,56,61,82,68
student340,53,76,77,53,53,52,100,57,56,63,64,69,76,58,87,67,100,71,83,96,89,62,81,69,90
student341,80,94,91,88,68,81,98,54,73,68,51,65,95,62,73,84,98,90,98,65,53,69,93,51,57
student342,89,71,100,86,92,70,61,52,59,52,92,75,63,52,64,94,92,92,94,93,80,77,98,97,67
student343,72,75,69,69,74,96,57,69,87,94,62,75,94,98,72,52,62,70,55,75,68,89,85,82,74
student344,73,98,53,61,50,66,74,95,84,92,72,81,92,88,52,77,96,89,86,85,63,50,65,87,60
student345,61,66,51,99,52,87,69,100,59,87,82,88,93,96,53,52,75,74,94,98,96,76,99,78,91
student346,90,66,69,94,82,79,53,76,87,69,60,76,61,92,53,55,52,57,65,73,68,64,77,77,82
student347,56,65,53,79,83,91,77,65,96,62,75,73,94,51,65,95,83,69,64,53,53,84,65,68,54
student348,59,86,92,92,76,64,50,67,78,70,100,51,83,93,80,69,59,75,68,81,73,100,90,88,76
student349,99,78,67,82,76,71,88,89,51,87,82,73,84,68,64,62,90,84,53,89,96,69,86,84,71
student350,74,58,84,50,79,64,90,100,99,90,86,71,63,79,88,85,56,65,98,94,100,73,93,69,52
student351,75,77,74,67,60,76,85,62,66,73,67,68,89,91,59,61,99,67,55,88,83,93,72,52,86
student352,75,89,51,78,58,55,96,88,73,78,50,75,82,50,81,71,69,68,100,71,63,83,90,61,78
student353,58,57,66,55,67,54,75,72,98,93,52,70,54,55,84,61,51,84,68,70,62,82,81,59,76
student354,75,70,85,50,73,98,83,74,72,73,96,56,67,86,53,67,64,55,66,69,59,82,79,58,67
student355,69,88,100,52,86,95,80,85,77,60,65,78,68,67,97,94,63,61,88,61,96,71,51,99,79
student356,54,52,89,65,84,89,84,51,97,65,61,90,58,68,76,69,53,92,53,58,99,50,79,95,53
student357,50,97,84,62,90,64,72,65,52,55,69,78,63,66,52,82,84,97,83,100,53,95,51,71,57
student358,79,87,87,53,86,56,91,98,79,98,68,93,82,66,68,71,64,66,67,93,85,97,53,52,87
student359,66,55,53,58,76,56,99,87,97,71,86,54,73,56,98,98,55,97,74,73,69,74,84,54,98
student360,73,71,85,51,80,98,80,57,64,84,64,90,54,98,71,87,74,90,50,71,82,84,67,100,76
student361,65,73,72,72,100,67,76,71,75,66,86,77,57,86,78,53,60,60,69,52,85,57,83,88,97
student362,53,98,97,63,52,63,67,94,77,54,61,82,95,60,57,58,64,97,57,78,74,79,59,99,67
student363,55,71,57,58,84,61,97,50,57,91,84,82,52,69,91,71,54,96,83,77,90,100,72,99,56
student364,80,78,81,77,59,58,72,52,95,91,100,65,59,51,54,64,51,56,93,89,92,69,75,85,72
student365,79,82,57,58,61,96,58,98,61,71,87,100,92,73,85,96,77,99,88,54,57,68,75,100,81
student366,85,70,56,80,70,59,59,56,96,50,72,82,92,87,95,81,60,68,68,81,84,74,82,98,69
student367,84,71,63,62,98,57,93,67,61,84,72,54,78,86,57,91,79,50,50,68,63,52,62,52,55
student368,84,84,92,66,62,97,72,60,52,59,59,53,99,90,94,63,100,74,56,54,80,77,67,61,80
student369,67,58,61,72,81,99,72,98,57,69,78,69,57,53,74,100,85,85,94,86,76,91,95,68,76
student370,89,83,58,70,55,91,87,58,77,83,98,66,71,70,64,87,81,52,87,66,65,90,100,84,85
student371,71,51,78,90,73,69,89,69,70,88,62,66,85,56,85,56,100,65,62,97,98,97,54,96,62
student372,61,66,52,83,98,84,95,79,90,62,88,58,92,60,92,93,72,95,64,52,89,64,73,94,77
student373,64,51,61,56,53,63,53,68,92,100,95,54,62,88,98,57,65,50,89,96,95,69,84,62,72
student374,85,91,53,99,80,74,62,63,79,88,99,58,98,78,94,68,55,54,70,68,77,62,69,75,80
student375,99,93,59,93,69,79,75,78,85,53,91,94,57,51,79,50,87,91,56,78,55,58,80,59,61
student376,81,86,61,95,91,92,68,78,91,64,59,55,83,82,82,65,71,89,85,64,98,55,81,90,99
student377,82,91,84,78,55,53,58,79,65,95,69,95,89,51,98,74,89,63,56,56,64,58,92,84,58
student378,75,94,75,77,62,72,56,92,55,80,57,56,83,91,92,73,96,78,62,63,61,64,90,83,90
student379,87,60,94,88,51,60,52,53,55,79,73,77,53,73,92,79,53,96,70,100,57,97,50,51,65
student380,58,84,95,78,64,70,90,66,94,71,93,76,79,98,71,89,69,94,85,87,95,91,87,83,74
student381,95,92,54,82,96,60,50,52,86,90,80,94,80,52,58,88,71,50,54,76,95,71,92,71,64
student382,91,86,96,53,51,52,79,100,85,89,67,59,75,93,95,50,90,72,91,60,55,71,66,90,97
student383,70,98,99,86,85,80,63,87,82,88,93,64,83,54,72,59,56,88,86,78,56,100,53,94,88
student384,83,51,51,52,64,100,89,89,92,68,59,94,50,57,92,100,78,54,78,93,66,54,69,82,71
student385,58,55,85,81,73,94,84,50,83,67,94,97,86,76,80,70,85,88,52,69,50,100,99,72,70
student386,70,82,64,60,72,71,95,71,64,50,83,57,59,84,69,55,62,80,62,72,71,82,58,73,97
student387,62,71,72,91,81,51,76,90,72,97,75,55,72,78,67,79,83,99,50,79,74,81,71,95,84
student388,59,91,69,67,84,83,93,81,68,70,54,55,65,100,57,94,62,79,55,79,77,55,55,79,68
student389,79,85,61,97,83,68,96,66,78,71,87,98,92,55,60,64,74,58,96,98,89,75,50,50,69
student390,87,93,62,50,73,94,63,70,92,62,68,55,52,60,94,75,72,63,56,67,92,98,50,63,53
student391,69,72,99,70,53,94,53,72,71,64,97,64,62,60,98,82,99,66,75,72,98,95,92,73,88
student392,69,70,89,80,61,80,77,62,89,97,83,75,90,72,61,83,76,75,71,99,92,94,53,67,90
student393,53,73,59,76,86,100,58,89,68,84,61,77,71,56,75,100,96,63,66,84,82,77,92,97,97
student394,84,80,73,84,83,50,63,84,92,95,97,56,94,89,97,77,57,71,91,89,79,51,86,92,79
student395,61,55,65,52,64,77,65,82,66,92,70,65,98,73,77,93,83,59,77,84,57,68,80,82,75
student396,87,59,71,97,81,59,85,75,59,52,68,98,85,58,96,88,79,65,88,85,65,78,68,99,84
student397,52,70,83,87,78,85,65,78,98,53,57,68,84,93,71,79,60,54,73,87,70,91,88,51,67
student398,71,98,54,79,50,93,66,83,89,89,76,73,81,50,86,71,56,82,76,82,83,84,97,51,98
student399,71,90,56,89,50,65,75,82,52,99,97,74,64,77,54,70,69,96,96,73,73,78,61,65,55
student400,85,79,73,72,89,89,79,57,79,88,98,90,53,90,93,90,100,84,68,80,60,75,98,67,61
student401,73,56,74,83,68,81,61,72,60,73,82,54,75,54,56,52,86,65,87,68,94,59,50,71,86
student402,91,80,92,57,76,87,100,81,89,93,72,93,86,74,86,81,57,57,71,52,76,69,98,90,89
student403,55,93,74,51,65,68,80,53,70,83,68,81,59,80,81,57,81,51,73,57,64,85,85,96,72
student404,79,77,85,91,84,72,63,100,58,75,69,95,63,83,98,100,54,50,59,97,80,65,97,73,78
student405,74,100,71,74,75,50,58,93,79,69,99,51,66,51,68,71,80,100,55,95,50,72,72,56,65
student406,58,76,80,61,66,78,91,100,73,83,83,80,78,76,98,94,64,75,56,51,96,93,74,67,80
student407,56,86,70,83,90,77,99,80,67,60,98,67,71,82,72,57,55,76,96,81,90,99,78,72,59
student408,95,64,64,59,93,63,67,96,89,84,65,55,96,97,74,79,66,62,70,56,76,96,67,72,83
student409,59,99,100,84,65,56,96,57,73,65,88,95,76,56,56,91,63,96,53,75,57,52,87,78,59
student410,89,64,93,85,96,79,68,85,74,92,61,69,52,74,73,51,99,56,99,99,90,99,93,61,77
student411,85,57,80,69,60,54,66,56,88,84,91,72,79,62,97,83,88,84,84,59,72,65,99,98,76
student412,84,95,57,64,78,84,90,81,55,59,73,67,76,86,90,84,91,98,53,88,71,75,65,57,60
student413,91,60,60,65,51,68,67,66,72,58,82,75,80,91,71,99,54,64,74,84,75,93,64,82,92
student414,68,83,72,99,66,76,63,58,93,86,84,87,83,81,96,74,83,66,51,82,60,100,77,68,91
student415,57,99,73,77,95,78,54,99,92,70,92,51,89,79,79,96,91,89,78,92,97,53,100,54,82
student416,76,65,93,61,84,50,61,52,55,98,66,61,90,99,99,96,82,91,53,79,58,64,78,80,93
student417,96,69,59,63,75,91,66,85,63,80,92,89,83,59,97,50,50,80,80,94,82,75,53,67,74
student418,91,80,53,57,100,56,54,82,84,96,52,83,86,80,67,75,54,71,58,55,52,58,56,93,92
student419,79,60,65,52,100,99,98,76,50,89,87,74,56,81,62,75,92,84,67,71,83,51,62,59,86
student420,69,98,100,91,79,63,91,92,50,54,82,67,79,100,100,70,89,91,82,93,94,66,99,80,99
student421,97,68,88,74,72,77,59,91,92,68,98,92,81,58,64,54,82,60,89,60,87,83,91,71,62
student422,98,60,82,65,67,69,76,51,51,66,88,64,80,88,64,79,89,72,81,97,90,66,87,50,87
student423,62,84,55,64,94,80,92,56,78,87,83,81,100,55,50,65,72,66,90,58,98,90,88,55,85
student424,77,71,100,69,52,97,55,77,78,96,55,84,66,74,55,56,56,68,56,54,83,53,98,61,67
student425,93,93,81,89,73,97,94,83,62,91,99,76,62,96,83,61,60,88,100,80,73,90,67,83,71
student426,91,66,61,57,95,88,65,84,68,56,95,75,88,72,72,52,50,58,91,71,85,97,84,53,85
student427,99,52,85,76,51,71,59,57,84,88,88,60,86,51,67,85,96,93,62,74,62,75,80,65,82
student428,64,58,94,62,97,56,97,96,95,96,69,92,93,89,50,79,94,58,89,95,52,50,63,51,80
student429,95,93,80,99,67,88,65,68,50,93,64,91,59,79,92,95,63,69,51,73,78,51,55,75,58
student430,81,64,71,56,63,64,71,100,98,74,87,52,76,93,73,77,95,59,94,66,97,64,84,79,99
student431,77,68,75,50,77,93,50,97,68,92,82,61,95,50,52,92,71,81,64,53,50,97,70,67,72
student432,67,79,77,59,58,84,59,61,68,92,95,73,61,66,59,81,69,57,86,71,87,52,84,79,76
student433,69,98,59,99,63,67,88,67,80,82,56,80,83,97,75,74,51,70,85,61,76,71,88,87,60
student434,51,54,62,78,75,89,90,94,92,57,93,92,92,87,68,89,92,88,56,65,96,78,73,97,91
student435,99,93,89,56,81,61,96,74,71,92,85,79,98,67,53,68,68,58,83,70,50,65,50,64,99
student436,63,72,96,81,68,74,71,78,81,61,82,70,84,58,88,86,65,81,84,51,63,86,63,92,89
student437,92,76,81,60,52,52,83,82,53,55,68,54,72,67,53,50,91,62,91,75,62,82,54,76,84
student438,65,81,52,93,82,63,88,79,64,92,50,83,85,61,67,95,70,92,70,100,85,50,94,69,87
student439,72,82,53,84,79,53,53,56,76,58,63,58,70,98,72,67,73,50,97,84,52,62,64,74,67
student440,51,90,61,63,94,89,73,71,64,87,74,80,72,50,88,80,56,79,98,75,92,93,85,77,72
student441,51,58,97,59,68,87,56,79,89,100,52,83,99,66,64,59,56,76,51,85,88,61,54,80,98
student442,70,98,96,85,93,74,55,75,76,76,83,70,54,95,98,54,95,67,85,51,55,84,76,77,79
student443,77,80,69,54,57,50,77,95,91,84,75,60,51,99,62,73,55,82,55,58,76,66,58,87,96
student444,53,95,96,70,72,83,92,58,89,53,56,92,57,77,85,99,92,81,87,78,92,83,76,87,66
student445,91,56,62,51,74,79,88,76,81,62,98,62,60,84,50,79,93,57,82,87,98,96,88,84,91
student446,92,94,54,75,84,57,58,98,55,92,57,66,60,89,51,100,97,64,50,66,96,73,55,50,92
student447,83,77,57,97,64,72,80,71,56,86,94,92,62,76,74,61,82,64,97,65,100,54,62,77,75
student448,97,75,59,53,55,68,68,87,84,88,63,100,99,71,56,97,93,91,88,87,74,98,86,86,99
student449,67,85,54,58,61,77,81,56,78,70,94,68,85,97,66,71,90,87,96,58,76,91,51,81,59
student450,99,74,84,93,93,97,59,99,88,76,100,87,89,51,85,83,91,68,90,57,58,69,65,92,61
student451,61,83,66,92,92,98,65,54,93,100,64,97,98,55,71,77,53,96,61,64,88,56,97,90,98
student452,76,80,64,98,82,70,65,63,59,88,100,59,79,93,76,51,66,98,95,98,52,82,60,87,82
student453,77,95,50,99,95,64,86,98,70,77,81,81,56,89,85,53,67,52,55,86,65,92,69,92,58
student454,53,57,87,83,82,95,73,76,69,67,100,79,100,92,73,81,81,70,74,61,89,53,55,97,67
student455,75,54,84,82,87,70,93,81,58,57,51,82,92,100,69,55,66,100,70,81,57,63,84,64,78
student456,50,57,86,51,91,85,98,86,94,98,90,54,94,68,98,76,92,89,83,99,99,66,99,62,93
student457,60,51,64,76,86,64,57,63,88,74,74,95,55,97,97,70,93,96,63,56,67,93,75,72,66
student458,94,66,85,92,68,60,92,72,50,58,91,53,85,73,75,57,60,72,63,70,89,94,69,82,76
student459,74,79,64,88,94,62,82,74,79,84,64,54,67,61,78,73,93,72,82,75,75,94,63,50,66
student460,61,65,87,98,60,98,63,68,79,99,100,89,95,92,96,63,64,66,92,95,85,100,56,52,81
student461,66,52,74,65,76,97,89,86,51,96,70,91,86,73,71,79,59,57,53,88,63,56,67,97,87
student462,72,68,57,90,93,95,67,82,60,68,85,50,91,57,78,65,75,87,77,99,52,92,98,58,74
student463,88,100,94,79,80,92,74,98,73,78,77,92,64,95,84,84,62,90,87,57,91,52,55,74,68
student464,60,50,59,74,98,89,68,64,77,65,88,57,64,66,93,91,98,65,64,62,69,96,86,55,91
student465,65,53,69,89,93,78,78,75,84,67,59,96,51,51,85,82,54,75,95,94,61,55,100,65,66
student466,75,65,50,62,74,64,68,62,99,76,55,54,72,57,57,51,80,53,82,76,75,90,62,62,87
student467,52,78,67,78,92,98,57,69,57,65,66,71,78,92,78,70,53,70,81,51,86,100,78,52,55
student468,79,94,91,85,77,71,93,56,93,53,63,91,55,74,91,51,65,76,90,80,96,91,88,66,99
student469,93,67,87,79,62,59,70,83,66,76,96,83,98,50,67,83,83,73,59,92,70,65,52,80,73
student470,74,79,90,54,79,71,99,62,57,64,86,82,57,95,88,75,52,86,72,54,86,62,75,82,68
student471,65,76,58,87,96,73,86,86,71,86,72,90,56,85,59,97,83,87,72,52,50,86,77,77,72
student472,95,70,73,61,78,76,51,92,83,96,96,100,50,72,67,77,57,95,84,81,77,90,90,100,69
student473,65,92,71,72,76,64,53,86,74,99,60,100,82,66,72,60,95,61,68,87,51,80,93,52,74
student474,76,99,98,78,66,75,54,81,67,100,64,75,53,65,75,71,74,100,85,53,78,77,52,63,83
student475,99,61,77,55,97,98,52,52,70,66,62,57,89,90,69,94,60,74,100,55,55,94,83,79,89
student476,80,69,58,82,97,86,83,67,84,89,83,93,65,71,71,55,66,52,52,86,97,79,98,66,61
student477,61,81,75,82,92,97,99,67,87,81,68,76,84,82,83,74,70,69,95,64,75,70,75,57,75
student478,75,74,58,56,58,94,86,84,86,86,59,97,79,62,65,100,69,92,61,72,62,62,53,99,71
student479,81,86,56,73,94,56,76,97,52,67,88,73,81,96,79,91,84,75,94,58,81,79,71,71,52
student480,85,67,77,77,93,68,62,79,97,77,91,87,53,83,86,91,86,99,83,55,82,81,86,91,92
student481,70,82,51,51,63,72,80,56,78,67,92,93,63,52,78,73,61,52,57,58,62,81,75,51,91
student482,68,99,55,90,91,74,80,72,68,63,95,84,69,82,64,77,77,71,74,52,95,66,69,58,90
student483,93,56,55,57,84,70,100,56,93,60,83,98,93,61,99,52,69,98,76,51,64,61,67,91,86
student484,65,74,85,92,100,59,74,70,84,59,70,94,50,77,99,80,69,74,94,62,94,77,83,51,67
student485,92,85,98,54,53,85,75,65,68,96,89,57,75,95,90,95,92,64,56,92,64,68,73,54,97
student486,74,81,53,90,96,56,66,96,84,97,97,62,83,59,98,58,58,96,77,76,66,98,57,94,100
student487,93,54,91,88,97,100,92,95,87,73,55,71,60,56,69,80,60,86,80,86,60,86,69,72,55
student488,66,87,98,60,85,54,53,71,80,98,71,69,69,82,86,71,57,56,80,93,89,96,70,80,59
student489,58,77,81,74,84,63,55,51,66,80,86,71,83,100,58,66,63,97,88,100,72,67,76,51,95
student490,72,74,76,89,61,65,100,51,53,52,81,58,51,64,100,96,78,74,93,86,74,81,55,92,57
student491,61,80,59,84,93,64,87,76,56,71,70,96,87,72,84,50,73,54,65,63,62,84,67,82,50
student492,52,93,54,79,88,100,59,86,79,82,78,75,73,54,62,94,71,81,75,90,64,55,77,70,75
student493,88,74,70,67,100,52,56,59,75,86,77,82,96,68,72,71,87,87,94,51,66,61,85,85,82
student494,91,60,53,90,69,80,62,72,88,93,91,81,56,97,64,53,61,83,54,75,82,97,96,53,98
student495,79,98,59,57,65,64,78,88,76,61,61,87,62,99,70,92,98,71,97,56,66,67,74,61,72
student496,68,70,76,66,69,53,50,84,66,68,65,100,75,58,91,80,99,77,91,81,80,76,97,85,67
student497,94,84,94,68,83,99,76,97,96,77,85,55,51,62,53,50,82,75,58,69,91,57,84,92,72
student498,67,84,93,56,75,98,91,98,65,81,80,90,65,96,85,80,83,67,60,96,81,62,79,59,95
student499,74,93,80,77,50,50,99,97,51,63,64,95,68,50,93,54,84,77,56,87,93,87,54,89,95
student500,92,68,61,58,57,63,93,54,67,87,91,98,89,99,91,83,88,52,66,89,53,93,95,62,62
student501,62,89,77,76,65,76,58,89,68,74,55,70,55,73,56,61,77,55,96,86,98,75,77,70,85
student502,78,64,82,95,99,86,64,55,83,58,59,85,61,87,98,84,57,86,83,73,93,56,80,100,52
student503,51,91,76,77,100,60,80,95,73,65,94,51,54,82,88,72,85,83,64,76,60,81,77,78,66
student504,91,61,94,84,64,79,85,50,87,88,89,51,71,58,80,97,65,78,86,93,96,72,93,62,85
student505,63,65,92,73,74,71,52,83,73,82,57,86,53,50,78,89,64,50,82,74,71,96,82,59,62
student506,68,87,72,55,57,88,64,52,87,90,69,79,65,68,54,87,87,55,62,72,65,66,53,72,59
student507,97,92,90,96,94,87,68,57,92,75,83,53,72,51,76,70,56,67,62,77,50,94,84,54,73
student508,91,58,75,68,59,75,81,93,97,61,51,54,77,75,91,90,75,65,56,83,84,76,79,87,60
student509,88,93,70,77,56,72,89,75,89,91,91,61,50,79,73,72,71,98,63,99,98,87,85,51,68
student510,97,92,66,76,79,68,83,65,79,55,57,95,64,50,55,83,91,57,100,95,52,61,55,84,64
student511,57,95,67,89,88,91,69,96,84,69,59,91,77,55,94,57,91,64,74,62,68,72,73,100,57
student512,59,60,89,98,83,57,92,84,50,87,95,59,63,70,96,90,76,72,97,52,50,71,83,69,68
student513,77,72,84,90,68,61,63,54,85,60,64,93,60,74,77,75,70,53,78,70,93,67,94,66,82
student514,59,71,64,79,54,87,69,82,57,90,90,65,81,58,71,78,79,80,53,76,69,84,62,72,90
student515,81,71,61,95,72,66,76,67,93,68,53,66,98,94,64,93,95,92,99,57,66,90,55,91,93
student516,75,86,57,54,68,89,97,61,95,51,64,76,96,67,81,55,96,95,63,58,63,85,93,95,54
student517,61,56,71,71,61,95,59,64,88,97,77,99,65,91,82,98,78,53,86,50,61,71,67,66,61
student518,53,50,71,67,50,78,50,72,74,52,77,94,69,81,93,95,63,60,99,59,58,67,76,52,61
student519,75,50,96,66,98,59,76,98,66,82,59,80,53,100,70,66,97,92,54,75,85,52,53,63,73
student520,73,88,66,59,61,65,89,71,94,91,94,77,89,90,95,72,91,77,71,69,87,84,98,74,99
student521,69,100,95,91,97,73,87,73,90,50,93,67,60,73,74,54,86,63,97,89,64,75,56,66,97
student522,62,88,79,65,55,66,71,83,79,94,75,78,59,88,99,83,53,84,75,87,92,58,94,68,73
student523,99,68,71,54,70,79,79,89,77,69,98,92,98,84,69,71,82,82,56,79,80,73,73,54,85
student524,50,83,63,80,61,70,74,96,51,55,79,75,80,96,93,100,77,53,78,50,71,53,94,96,94
student525,81,68,79,83,59,71,68,86,88,97,68,87,92,75,100,99,77,85,71,95,95,62,74,93,73
student526,67,90,82,99,84,99,99,68,91,99,80,67,72,90,86,56,97,89,53,82,93,99,59,98,81
student527,84,74,83,59,97,82,69,81,62,89,79,88,92,57,99,89,73,99,54,90,53,85,91,68,52
student528,90,50,68,97,52,91,98,100,68,61,75,67,86,89,98,75,91,100,100,90,54,54,98,99,60
student529,66,88,80,55,78,77,75,68,57,52,78,52,50,69,55,97,51,51,64,99,84,68,85,98,60
student530,51,64,98,55,64,56,86,75,54,60,50,66,89,57,86,87,82,61,68,83,66,64,93,72,92
student531,76,81,98,61,52,87,69,67,62,57,71,89,69,85,80,100,91,64,60,95,98,72,99,92,71
student532,59,70,80,50,51,88,52,73,94,52,67,66,94,96,61,78,51,61,56,94,58,58,64,65,71
student533,65,91,59,93,98,52,69,98,69,63,89,87,63,76,56,62,77,75,74,82,50,100,69,74,85
student534,52,54,52,63,70,72,75,80,92,81,93,95,62,91,53,58,65,99,68,87,52,69,52,83,59
student535,56,53,63,59,57,91,55,58,99,80,64,97,59,50,71,52,100,88,79,82,82,51,93,82,90
student536,72,84,93,85,84,62,96,61,68,80,92,54,69,93,66,58,99,94,69,75,81,86,96,62,94
student537,67,67,68,74,53,73,87,66,57,59,74,95,67,81,55,76,57,60,85,95,86,63,98,81,52
student538,69,83,95,69,53,74,53,90,85,80,66,54,61,92,100,63,78,78,99,57,52,81,67,74,72
student539,60,78,70,77,93,72,66,70,70,74,54,84,76,84,68,58,99,89,67,50,75,72,58,86,67
student540,90,90,85,62,62,96,98,91,78,99,54,77,67,87,63,93,90,82,93,95,54,96,65,87,60
student541,68,55,74,63,59,95,50,65,74,74,60,68,69,100,88,51,93,84,75,67,79,86,83,74,57
student542,88,96,64,74,71,82,89,89,54,77,79,51,76,63,87,77,74,93,81,55,63,91,86,61,55
student543,50,66,89,55,80,76,84,64,53,50,100,69,50,76,63,95,91,63,94,68,60,67,79,71,86
student544,82,85,51,66,52,88,65,79,80,71,62,91,59,72,68,58,63,94,78,89,68,88,79,71,90
student545,50,88,88,61,88,92,71,96,83,99,60,87,79,63,64,90,64,83,94,75,73,71,85,99,92
student546,68,86,78,73,87,69,90,52,88,65,71,78,74,61,56,63,66,95,66,74,81,96,60,60,83
student547,51,71,72,63,74,73,60,100,88,82,71,70,53,70,85,83,79,75,88,79,93,69,61,91,89
student548,64,68,89,50,82,96,71,55,81,50,76,75,64,95,97,83,50,57,65,88,79,73,69,86,80
student549,59,73,78,95,91,70,89,85,84,77,56,78,97,68,89,70,64,71,89,81,76,73,58,92,82
student550,82,94,72,70,92,84,88,91,100,100,50,93,70,63,72,52,59,74,91,98,88,88,69,69,56
student551,66,81,75,67,62,69,54,73,79,78,91,52,52,72,83,91,88,78,65,66,52,55,56,52,99
student552,77,70,85,83,68,78,52,89,71,86,51,95,94,67,73,70,89,72,59,87,57,60,58,69,98
student553,94,91,78,89,72,77,55,86,63,61,50,63,61,74,93,58,98,97,75,63,85,90,56,92,58
student554,56,66,59,94,56,75,63,76,61,58,84,57,60,68,84,83,72,98,67,57,92,74,74,63,77
student555,70,67,58,89,86,53,66,61,77,95,83,87,93,97,77,100,100,89,72,90,86,75,95,75,54
student556,84,54,89,100,97,83,76,90,73,53,61,65,70,65,58,72,75,59,54,78,52,80,68,81,86
student557,83,91,96,91,79,74,97,92,58,71,73,56,64,100,96,75,85,96,55,83,83,52,50,52,61
student558,100,65,95,63,96,85,86,81,92,72,52,61,60,71,80,80,86,87,95,80,88,78,99,56,58
student559,81,99,86,73,58,50,75,59,92,68,89,96,55,50,59,74,59,81,81,91,69,77,83,83,82
student560,89,64,95,87,78,79,50,85,86,90,60,72,91,79,57,93,91,72,57,51,71,93,87,68,94
student561,54,50,70,78,97,64,51,51,94,53,68,57,54,73,89,60,91,81,94,60,76,87,77,96,50
student562,93,88,74,92,53,76,63,59,85,98,57,63,72,89,64,62,50,86,97,67,77,86,59,52,86
student563,61,54,51,93,94,81,58,97,87,53,68,90,50,58,94,92,65,71,79,61,88,73,95,56,85
student564,100,64,86,97,90,99,72,83,80,66,97,74,81,66,63,51,77,54,56,95,71,55,57,87,60
student565,93,73,80,74,78,65,87,66,91,100,78,61,61,56,70,88,85,79,87,94,86,94,91,56,86
student566,77,87,93,90,99,65,99,52,53,95,54,74,79,54,97,78,74,69,79,69,63,65,83,60,79
student567,66,95,72,88,85,75,83,81,73,65,57,90,69,61,80,91,60,77,96,84,63,82,60,83,66
student568,82,50,89,76,64,95,78,97,65,80,64,72,90,53,84,97,60,73,100,64,97,84,92,67,69
student569,74,52,96,61,97,65,84,87,95,69,68,63,96,88,75,70,98,81,96,58,54,80,94,100,62
student570,92,84,90,96,53,94,93,69,81,82,77,65,82,66,80,77,62,54,52,97,65,50,56,73,60
student571,75,59,63,95,65,64,78,70,58,95,57,92,89,52,91,66,95,100,96,64,50,67,69,63,58
student572,68,71,60,52,66,94,65,58,73,76,84,62,87,55,53,75,52,64,76,99,66,88,87,51,69
student573,77,55,97,63,58,89,86,100,53,55,100,85,99,95,92,66,71,50,76,74,68,89,66,92,60
student574,67,72,50,64,59,56,94,60,80,64,100,66,73,78,70,82,79,58,51,58,52,57,50,51,92
student575,78,56,60,58,71,72,77,62,70,58,79,74,57,67,75,77,72,80,72,59,85,55,72,54,77
student576,92,68,67,81,83,79,92,80,70,54,55,58,92,57,56,84,98,69,90,54,72,65,85,55,59
student577,73,91,67,70,57,84,76,78,99,51,60,57,96,86,61,59,56,55,66,66,67,67,87,61,99
student578,89,62,80,53,54,86,99,78,75,60,68,98,93,61,52,73,81,50,85,53,79,66,90,75,63
student579,75,90,79,53,77,62,94,86,56,80,89,76,61,83,58,95,50,84,55,57,95,70,51,64,58
student580,75,69,82,97,58,76,75,81,88,72,66,68,88,59,78,54,86,56,64,65,61,81,63,78,65
student581,50,78,85,53,63,54,54,95,89,66,62,99,71,56,57,97,66,66,88,99,85,78,79,76,62
student582,78,85,70,95,92,64,90,95,59,77,99,63,51,53,70,76,73,97,60,79,69,72,100,62,75
student583,62,89,99,85,50,53,82,58,59,63,96,61,91,88,91,65,78,86,93,83,60,94,89,65,64
student584,90,58,81,62,50,90,98,99,52,81,54,79,53,74,51,68,69,67,76,77,86,51,56,94,82
student585,74,90,54,58,87,54,76,74,52,61,82,92,74,66,67,87,82,62,66,73,63,73,76,81,85
student586,62,92,72,84,71,71,90,51,85,83,76,50,88,51,99,63,63,64,77,100,63,50,67,99,54
student587,88,51,54,63,79,62,80,98,66,53,68,94,91,91,85,67,60,86,50,82,95,74,89,100,55
student588,76,74,76,66,80,72,56,81,85,84,71,51,66,89,50,76,50,76,84,65,75,87,92,76,65
student589,97,66,85,84,76,67,74,89,98,78,53,77,70,79,71,94,72,100,72,84,83,57,63,78,94
student590,60,93,67,62,81,64,84,54,69,84,87,61,67,96,88,65,61,65,100,54,71,85,59,82,85
student591,79,79,71,52,99,66,84,65,70,56,74,57,98,58,95,90,100,56,77,87,87,97,90,86,70
student592,71,99,73,52,79,76,99,88,80,98,74,59,95,65,70,91,56,84,50,87,73,63,65,73,74
student593,57,84,97,68,60,81,95,75,77,53,75,53,90,66,57,98,59,76,91,70,90,76,80,100,54
student594,90,80,82,88,89,81,78,95,92,90,80,66,99,63,73,73,52,58,75,85,57,91,97,59,76
student595,77,72,81,67,79,52,74,63,84,86,98,87,57,68,93,87,54,76,98,56,51,82,87,61,50
student596,61,68,74,87,83,95,76,56,67,73,58,99,83,62,80,87,82,72,75,91,72,62,81,77,79
student597,61,60,53,73,96,67,50,77,70,99,74,78,81,55,50,87,88,65,54,90,70,58,73,77,91
student598,74,51,52,75,59,88,97,64,52,56,71,78,95,69,89,82,54,76,100,56,62,52,58,97,81
student599,79,59,70,76,57,81,55,55,56,58,77,59,64,51,73,100,74,82,79,82,66,74,81,96,50
student600,64,60,72,74,89,89,94,95,97,72,72,91,73,58,64,96,71,74,87,60,53,58,89,50,88
student601,57,68,100,63,82,61,55,85,93,76,57,63,70,51,78,76,52,66,65,69,77,57,69,88,65
student602,98,88,67,91,79,90,98,56,78,70,92,86,54,63,97,59,63,80,83,54,74,71,67,56,60
student603,80,83,90,79,76,72,75,82,86,89,84,86,69,68,90,93,71,77,63,52,89,79,71,71,55
student604,67,82,86,56,78,58,87,88,86,80,63,66,61,85,100,56,65,85,52,66,93,79,67,76,99
student605,70,50,74,88,74,75,58,64,81,97,93,98,69,61,78,95,79,63,70,63,100,72,72,68,91
student606,83,66,83,82,50,52,76,84,62,72,79,88,96,84,88,90,85,78,96,63,100,86,52,74,72
student607,51,64,85,58,98,97,56,96,55,94,70,89,65,74,54,64,98,81,73,68,85,50,99,83,59
student608,99,55,75,100,60,85,65,67,64,53,58,75,88,65,62,51,61,98,66,84,57,94,100,71,71
student609,71,88,99,61,89,79,94,75,84,63,82,82,82,52,65,93,69,79,79,51,65,93,79,58,58
student610,82,55,91,58,80,75,94,57,73,100,78,65,51,54,86,59,96,84,86,95,82,92,57,87,55
student611,82,59,55,51,91,78,62,76,85,92,76,55,50,62,53,78,78,65,86,96,79,96,89,100,51
student612,51,67,82,67,60,55,93,79,66,69,84,88,62,76,83,84,63,63,92,81,53,65,77,61,53
student613,93,99,73,74,65,77,65,56,57,58,56,67,56,75,58,83,52,85,85,57,83,64,51,85,79
student614,67,69,85,59,90,67,53,63,95,54,78,99,76,77,76,87,87,70,73,68,83,62,96,79,91
student615,96,99,62,53,64,56,79,76,68,64,97,95,78,90,70,67,72,52,75,60,77,80,67,52,94
student616,80,63,71,70,63,62,61,82,71,70,61,76,50,79,56,86,67,92,85,88,83,81,97,81,77
student617,52,61,70,88,64,83,88,66,63,91,54,89,93,77,94,92,67,85,67,66,89,50,83,82,78
student618,71,65,50,70,89,86,72,70,71,66,100,54,70,99,90,86,57,50,53,96,76,62,79,76,56
student619,79,65,93,66,57,86,57,96,60,65,51,93,91,82,68,85,68,92,97,79,90,58,79,94,68
student620,60,69,67,50,59,100,95,74,78,81,53,88,81,85,96,61,50,54,55,86,52,62,88,98,96
student621,74,82,98,90,72,76,88,53,57,68,85,76,87,67,65,95,69,74,66,64,69,69,54,62,87
student622,98,60,60,80,58,65,74,91,59,50,89,93,74,75,55,50,54,62,99,76,55,68,100,59,85
student623,64,99,98,62,88,59,86,82,99,72,88,51,87,60,86,75,90,65,63,56,98,54,97,51,70
student624,62,60,96,50,51,68,70,87,78,52,73,87,69,73,92,63,96,70,50,76,97,81,93,56,83
student625,55,50,99,78,64,74,52,100,93,61,99,100,68,97,53,63,67,84,77,73,50,95,77,89,71
student626,72,69,69,95,79,60,90,65,96,77,91,89,91,67,59,89,53,73,51,95,67,75,50,87,61
student627,56,100,91,70,62,78,82,58,76,94,57,61,56,52,87,59,100,100,88,60,89,57,77,64,72
student628,68,54,75,61,86,55,81,53,58,69,61,93,59,68,66,83,60,68,65,65,51,51,79,82,65
student629,59,66,94,88,95,78,51,92,74,64,94,62,90,86,92,82,51,100,58,83,80,56,71,52,91
student630,73,62,61,55,91,75,96,55,98,63,54,69,64,64,85,89,52,75,88,61,58,81,73,65,94
student631,67,50,93,71,68,55,75,78,84,97,86,54,95,64,61,79,77,58,92,58,79,92,70,80,66
student632,61,51,78,99,82,100,68,86,54,64,69,78,52,50,98,83,88,90,98,91,87,91,67,61,51
student633,51,56,88,50,53,87,50,66,66,68,63,78,77,53,61,97,70,84,88,77,90,93,55,68,76
student634,91,51,56,64,81,79,76,94,86,85,61,100,64,52,68,78,50,94,68,70,96,53,88,85,93
student635,71,66,89,96,60,84,86,84,86,57,80,84,62,77,100,87,61,77,54,67,73,62,56,89,64
student636,76,75,75,80,69,79,89,71,70,69,98,100,51,60,80,94,82,95,88,70,77,93,87,76,63
student637,64,90,72,55,67,80,92,86,50,79,51,65,62,66,73,56,63,79,65,66,58,72,60,68,88
student638,53,99,84,88,75,51,73,72,66,60,97,97,51,56,87,71,78,54,95,94,64,80,88,90,87
student639,84,57,82,100,51,94,95,88,52,74,59,92,53,99,64,66,58,92,60,70,82,89,55,98,51
student640,86,83,65,64,89,58,53,68,63,75,76,67,54,76,91,75,99,98,97,82,95,62,75,68,63
student641,61,69,70,58,66,88,99,89,93,53,99,99,74,78,54,55,60,76,57,99,69,83,87,92,77
student642,81,54,94,100,89,86,60,50,70,70,93,60,73,78,76,92,64,97,97,73,88,87,96,78,81
student643,70,64,89,81,78,61,68,99,80,99,60,76,63,88,72,80,91,51,67,84,70,87,89,68,68
student644,89,72,64,100,70,78,54,100,88,58,71,68,92,96,50,79,74,85,98,83,88,58,79,93,78
student645,93,90,100,63,80,72,79,57,69,53,65,79,72,74,99,100,79,99,69,77,74,66,75,83,53
student646,82,51,69,70,78,79,76,65,82,97,96,55,67,91,88,65,85,63,99,73,78,81,82,61,77
student647,55,51,77,68,57,78,51,68,60,84,77,54,79,84,79,73,89,92,63,72,76,85,78,88,80
student648,65,59,98,88,88,65,73,51,69,90,85,57,53,70,88,65,97,50,85,68,64,53,57,69,52
student649,94,58,64,71,75,77,91,90,60,81,88,89,52,72,86,92,60,100,69,82,50,62,88,83,67
student650,100,56,84,94,73,60,70,66,52,84,70,98,69,61,50,57,82,96,68,94,86,56,71,55,83
student651,83,53,72,70,56,78,58,80,59,73,86,55,57,69,57,85,60,86,98,80,52,70,92,63,73
student652,91,76,89,95,97,65,85,96,51,51,82,55,74,97,63,76,72,54,74,55,66,63,87,89,66
student653,76,66,64,94,92,51,96,86,54,96,74,88,59,82,73,79,99,84,78,80,98,59,77,74,63
student654,96,85,80,86,73,97,99,80,55,51,65,76,70,95,83,84,61,94,59,59,81,93,62,90,63
student655,75,82,88,96,99,89,91,75,55,93,100,59,80,100,70,62,88,52,54,52,91,56,58,83,90
student656,91,54,71,73,72,78,84,99,100,91,80,88,76,83,82,68,58,81,78,96,72,56,52,98,53
student657,100,51,71,78,83,99,87,68,73,94,54,57,81,62,72,60,71,100,77,93,58,92,90,53,50
student658,91,95,75,55,57,81,79,55,84,88,94,61,56,83,56,70,90,76,78,62,67,100,66,56,62
student659,55,77,63,71,66,62,74,94,80,68,78,97,76,65,62,62,84,65,79,81,79,65,72,74,92
student660,79,97,83,79,65,74,90,58,72,71,54,59,100,56,96,94,80,90,66,82,60,55,67,74,69
student661,91,99,95,62,54,93,80,100,65,77,69,78,98,92,77,98,74,88,60,90,89,68,74,53,69
student662,100,65,99,55,54,94,70,65,87,59,63,76,92,97,64,76,68,84,70,82,98,55,82,74,100
student663,51,83,63,50,90,93,51,74,77,91,84,54,90,75,67,70,66,53,57,75,76,97,98,70,92
student664,51,58,92,57,76,56,62,75,65,96,78,88,85,77,58,76,94,74,78,75,56,96,68,78,65
student665,63,58,98,63,62,72,98,82,61,89,57,82,95,94,89,61,68,73,100,97,62,54,98,89,52
student666,53,86,88,69,82,55,72,90,72,96,62,58,58,55,96,50,63,79,84,62,76,56,52,87,98
student667,74,52,50,57,91,97,51,81,76,52,99,62,61,71,72,89,87,95,85,99,57,91,85,89,85
student668,83,52,69,89,66,84,50,72,71,87,69,97,58,83,56,76,68,52,80,64,71,100,67,81,55
student669,56,68,70,56,66,100,69,93,74,68,58,91,80,82,55,82,97,56,76,95,61,98,88,78,79
student670,81,98,82,63,89,89,79,82,76,62,100,99,91,91,56,52,53,54,66,93,68,55,96,82,96
student671,57,79,93,69,87,56,65,76,77,79,65,100,57,62,92,100,52,69,81,92,60,97,93,84,53
student672,74,77,77,88,86,95,84,74,92,58,86,79,56,61,52,83,57,85,89,91,97,57,66,77,66
student673,86,50,78,75,65,71,70,53,51,96,89,56,91,90,64,88,89,80,53,74,57,57,78,52,50
student674,59,75,84,65,97,92,55,77,86,66,80,66,59,81,54,74,64,86,55,59,68,92,52,52,76
student675,89,54,85,80,67,73,56,59,86,63,73,96,59,97,65,75,57,73,93,76,87,52,68,68,64
student676,76,82,93,81,94,65,98,58,50,56,71,67,50,67,51,85,53,78,92,87,89,57,66,84,66
student677,77,61,51,57,84,65,100,86,81,56,86,62,53,98,54,56,61,76,80,58,81,87,54,58,70
student678,84,64,87,71,89,82,84,69,96,50,87,58,99,97,66,94,66,80,60,60,100,51,84,71,80
student679,87,99,54,74,87,56,100,80,100,69,89,89,92,52,61,74,72,85,60,100,53,69,67,59,63
student680,60,66,95,77,64,97,94,81,91,56,83,54,95,59,77,57,98,88,72,95,51,64,98,84,57
student681,92,84,81,94,67,50,73,70,94,96,58,98,95,60,71,51,87,80,76,98,98,90,56,65,51
student682,71,85,83,59,83,95,85,69,72,68,98,89,50,71,85,99,79,58,69,85,86,82,70,92,87
student683,83,52,75,80,80,83,97,56,75,78,99,86,68,98,83,52,99,62,87,75,66,59,81,73,50
student684,95,90,73,80,89,54,75,74,70,76,67,76,100,69,68,57,99,99,71,50,76,68,85,54,86
student685,99,67,61,86,99,70,75,51,78,58,86,93,54,50,88,51,74,63,62,83,85,74,63,81,96
student686,97,82,86,67,100,72,62,67,71,63,59,50,71,56,86,52,54,70,50,67,98,83,52,81,88
student687,57,74,68,56,100,78,67,81,79,66,77,54,66,79,85,67,92,98,51,50,71,80,72,94,81
student688,83,54,58,98,87,58,85,97,56,61,75,87,89,55,80,79,53,89,77,54,88,50,93,73,91
student689,70,68,80,80,84,62,52,55,54,93,64,81,78,76,85,87,63,54,63,79,65,91,100,94,59
student690,67,88,86,79,75,60,72,99,55,72,75,87,87,81,52,59,76,95,54,60,98,76,62,82,81
student691,59,59,83,83,100,57,86,50,66,71,82,68,96,61,76,60,57,96,63,97,75,61,94,85,62
student692,87,70,70,96,81,79,90,81,91,68,51,81,87,67,80,96,82,96,60,77,86,63,54,82,72
student693,87,71,53,79,73,58,66,65,63,58,89,69,56,59,92,64,65,99,73,65,85,53,63,97,97
student694,62,80,74,55,64,91,89,62,67,85,53,100,57,74,94,100,79,96,54,75,69,91,69,55,86
student695,59,72,69,52,60,80,79,99,69,50,87,92,94,99,55,87,71,77,91,64,85,88,59,91,76
student696,69,53,75,64,54,84,63,100,60,96,96,76,97,99,74,73,58,54,61,74,93,57,94,79,90
student697,50,77,87,84,59,60,52,64,54,65,60,76,95,96,92,55,94,87,52,56,64,74,79,83,66
student698,65,84,91,83,92,61,78,61,74,87,97,77,77,55,91,73,63,81,98,84,71,92,79,58,85
student699,93,85,88,52,95,78,65,81,64,55,75,57,52,91,66,79,59,68,78,61,67,84,60,81,56
student700,71,91,89,83,70,80,56,73,83,93,92,94,89,77,94,86,94,65,64,52,50,51,65,54,54
student701,82,58,50,89,75,88,58,96,86,76,69,65,69,68,94,63,50,87,73,97,92,76,65,97,76
student702,50,86,64,92,94,99,67,97,55,93,68,70,60,82,73,74,68,84,72,98,85,58,94,80,50
student703,71,79,73,68,82,88,52,93,86,75,86,66,83,84,77,81,95,84,96,96,51,85,87,64,73
student704,86,54,98,68,94,89,79,53,70,91,50,65,73,80,93,53,51,95,73,69,99,84,74,86,68
student705,62,100,63,65,88,87,78,59,75,51,76,88,61,52,67,57,88,53,98,83,89,65,83,93,65
student706,58,66,64,60,73,53,86,76,51,84,63,50,89,95,51,62,66,67,77,72,84,90,66,69,55
student707,52,78,86,52,77,95,93,54,97,89,74,81,51,95,77,98,68,68,94,94,87,59,58,81,60
student708,64,58,86,89,87,86,67,51,65,92,55,67,59,61,56,69,69,99,79,80,60,78,55,93,69
student709,76,88,77,92,85,66,98,95,91,60,95,71,78,65,99,84,76,53,86,80,73,96,95,93,84
student710,97,96,97,76,94,96,83,100,89,98,88,97,97,59,79,85,65,68,55,70,77,88,74,73,73
student711,70,50,56,84,65,74,85,50,65,76,88,61,55,50,71,64,74,100,60,56,77,55,65,98,56
student712,81,98,77,86,69,64,51,56,69,60,85,87,70,61,61,83,73,51,67,87,94,59,80,89,77
student713,99,99,63,81,84,80,96,58,95,83,54,57,73,56,59,79,63,56,68,62,91,50,86,95,62
student714,93,93,69,51,91,86,54,100,73,87,58,100,89,70,76,86,85,50,77,62,90,93,64,61,98
student715,73,72,52,97,52,99,95,88,66,54,77,57,94,67,93,94,76,56,77,70,57,73,69,50,52
student716,97,87,55,95,93,70,72,56,51,63,59,96,91,88,51,97,81,78,71,95,66,64,77,51,83
student717,83,98,88,79,84,79,50,54,76,68,94,59,70,97,52,83,61,96,97,87,83,61,89,51,90
student718,86,71,64,64,97,88,55,66,56,62,64,51,94,52,76,74,82,77,94,81,77,66,94,74,73
student719,69,86,62,83,84,52,56,93,72,89,81,82,54,81,86,71,80,64,90,95,50,92,63,87,64
student720,50,72,100,83,55,64,77,74,61,85,67,73,56,84,90,61,62,99,56,82,62,81,69,55,64
student721,94,90,93,90,56,54,65,95,73,58,72,88,51,80,98,90,97,65,94,89,79,59,56,82,51
student722,89,93,92,79,83,56,80,85,72,89,69,89,62,61,84,61,100,79,91,94,100,66,55,64,66
student723,97,99,95,100,55,86,55,70,92,50,79,99,67,66,60,84,95,58,96,93,83,82,77,97,70
student724,77,67,56,96,81,74,62,67,62,97,65,69,57,74,67,88,98,72,73,70,64,82,98,70,96
student725,82,64,73,69,70,82,90,89,66,93,85,54,65,90,77,63,71,62,70,84,76,75,70,56,90
student726,62,93,97,61,74,71,67,64,59,89,94,74,51,86,71,93,92,74,66,72,93,59,94,80,63
student727,73,89,93,69,51,71,100,68,51,69,81,59,73,85,55,97,58,63,61,98,54,51,55,67,58
student728,90,94,87,70,57,84,84,84,56,63,85,78,99,99,56,75,78,51,60,83,67,97,72,93,93
student729,52,96,66,91,64,76,72,86,71,94,59,66,51,54,70,70,73,55,54,80,89,85,75,50,64
student730,75,67,87,64,86,69,90,73,60,98,70,56,80,98,73,63,80,70,84,64,54,70,84,75,69
student731,64,73,94,52,53,73,86,72,81,82,95,61,60,96,98,59,66,86,70,91,51,90,59,51,67
student732,100,65,69,81,92,84,92,99,91,70,51,90,62,100,83,95,79,99,60,67,78,74,99,93,67
student733,61,100,99,97,67,99,96,98,97,74,76,94,67,90,77,90,90,99,63,96,78,87,87,84,89
student734,86,53,61,70,98,88,98,100,91,95,56,65,63,60,76,97,86,99,85,87,90,85,56,76,100
student735,84,89,72,83,80,66,78,88,66,61,89,89,72,63,77,77,90,85,68,97,89,68,56,77,81
student736,97,81,93,55,58,91,83,68,57,50,65,50,94,69,64,71,62,55,96,74,83,95,82,89,53
student737,67,77,59,54,63,77,80,82,97,83,91,69,58,77,95,61,61,92,61,88,98,58,93,65,98
student738,66,93,57,56,56,95,51,78,53,90,82,86,93,62,69,96,98,91,72,64,94,79,55,50,70
student739,66,88,53,54,86,87,76,51,51,60,92,90,82,86,91,53,50,76,94,76,100,80,52,86,85
student740,65,64,92,54,55,64,96,99,94,56,53,92,61,63,58,71,62,60,65,54,73,61,76,57,96
student741,61,65,71,93,55,95,58,75,97,59,93,74,63,56,65,94,53,100,81,99,81,74,55,63,99
student742,55,89,66,99,56,57,69,94,53,72,95,85,89,87,64,79,79,60,81,97,59,69,68,93,59
student743,100,83,96,56,85,54,87,65,83,99,100,95,61,98,73,63,60,81,81,51,90,94,92,64,52
student744,83,94,66,57,51,65,75,90,74,71,50,82,82,59,63,81,76,84,97,57,60,66,61,55,53
student745,80,76,68,78,98,66,72,100,82,79,71,51,69,89,68,80,84,87,92,63,83,80,94,79,60
student746,92,58,94,81,57,61,78,70,57,98,65,56,65,97,80,78,69,66,91,52,89,97,97,63,73
student747,91,60,91,50,50,76,50,55,89,76,57,68,86,85,96,84,77,62,96,95,70,83,94,89,96
student748,87,79,54,60,97,92,82,92,53,78,52,97,99,96,97,67,61,86,64,67,88,75,94,87,73
student749,52,93,60,58,68,63,73,92,95,60,93,69,73,60,79,61,62,59,61,64,99,79,55,83,72
student750,96,100,77,93,81,65,56,83,77,78,61,97,74,82,70,59,63,63,53,69,71,94,98,88,65
student751,87,84,67,58,93,56,96,75,52,65,84,79,53,73,88,59,88,74,92,71,85,85,76,57,68
student752,72,100,100,77,90,52,68,60,93,58,72,52,79,61,55,73,83,53,83,66,87,62,52,72,84
student753,58,82,57,96,72,73,68,63,88,80,99,71,58,68,95,70,74,98,91,61,68,85,75,55,97
student754,75,50,73,79,55,95,55,90,98,99,68,91,53,80,77,77,52,51,80,71,54,89,95,63,51
student755,89,57,97,68,58,66,74,83,76,81,69,84,50,86,73,52,56,95,95,71,91,52,58,71,69
student756,71,64,92,66,96,61,67,89,90,54,62,84,71,71,69,54,68,54,67,62,99,62,85,58,94
student757,67,65,95,67,70,55,63,86,90,57,99,65,59,75,71,58,78,82,100,89,75,96,64,83,56
student758,70,56,56,88,56,88,79,66,73,79,90,82,81,82,53,77,84,81,80,67,75,83,86,83,75
student759,54,57,70,71,51,89,100,72,66,69,93,74,80,50,98,59,91,52,77,60,73,65,100,95,69
student760,68,96,86,64,74,93,87,97,70,53,57,55,68,97,79,57,63,94,67,78,95,80,92,50,84
student761,92,59,82,83,93,64,62,62,53,59,68,70,94,65,70,90,72,97,100,77,76,68,70,69,97
student762,52,51,70,82,58,99,97,58,76,67,77,66,78,76,59,59,99,56,76,76,70,62,64,86,90
student763,74,68,78,81,54,100,95,57,89,71,90,81,54,84,58,81,54,77,81,87,58,83,96,72,73
student764,88,55,91,61,69,65,83,59,83,51,61,76,79,68,85,84,83,66,50,73,76,59,71,84,94
student765,50,92,89,73,74,98,62,58,52,98,55,99,77,93,59,51,54,81,88,94,98,95,51,55,99
student766,81,100,68,52,72,61,64,72,99,55,59,80,99,71,91,53,74,79,57,91,68,69,90,69,78
student767,98,71,88,62,74,90,63,96,58,97,97,58,97,90,55,76,86,50,94,96,57,80,57,68,97
student768,95,88,52,72,88,77,79,62,59,56,89,78,75,75,89,97,69,57,54,96,93,67,94,94,62
student769,85,68,91,53,97,67,66,60,98,65,88,69,94,54,92,99,77,83,51,59,94,89,59,83,80
student770,54,50,79,59,56,81,91,80,96,90,58,96,94,100,75,59,89,63,79,87,60,55,57,78,100
student771,90,99,97,69,67,58,98,52,96,98,68,77,80,52,52,77,65,82,54,71,78,54,67,52,64
student772,75,66,94,73,94,69,87,69,80,65,52,66,52,84,84,72,100,65,89,100,84,84,70,89,51
student773,66,90,80,92,77,93,99,98,97,94,99,59,100,83,71,54,80,71,61,51,77,52,94,87,89
student774,60,88,51,65,62,70,74,88,82,65,51,78,75,53,93,91,53,67,92,53,84,86,67,74,84
student775,72,77,87,92,67,75,75,71,96,67,64,71,80,54,80,65,74,87,57,91,50,62,81,99,66
student776,75,98,79,78,66,64,66,50,83,95,59,87,54,52,76,52,62,95,59,69,69,62,65,84,95
student777,76,74,91,68,53,83,70,68,86,87,66,72,79,82,64,51,58,80,66,87,71,52,66,79,65
student778,86,53,89,63,56,87,56,65,83,84,52,61,75,54,67,59,88,68,66,74,67,78,86,73,79
student779,92,75,55,64,65,84,68,66,76,88,78,85,96,80,79,94,68,94,68,57,97,52,68,80,65
student780,62,69,70,72,93,91,93,68,79,88,91,92,74,99,82,100,86,70,84,58,68,81,97,54,60
student781,85,97,93,90,97,98,71,95,98,87,78,50,90,79,96,52,74,90,92,94,98,60,71,62,74
student782,75,57,95,56,68,98,98,50,86,74,63,57,59,61,84,94,68,65,51,66,84,53,55,97,70
student783,81,66,91,76,97,64,66,68,82,80,87,74,50,67,98,89,99,85,72,90,70,63,96,83,72
student784,81,60,97,71,68,99,93,73,74,90,85,85,67,94,94,71,82,82,77,95,86,68,63,56,64
student785,94,74,91,65,56,91,82,93,61,92,73,93,63,86,62,80,57,59,63,93,59,70,79,61,58
student786,59,61,68,75,58,62,62,83,89,56,93,81,71,54,85,66,75,94,58,77,51,51,54,61,96
student787,96,95,86,55,75,56,78,86,72,99,76,85,92,93,73,55,54,73,63,52,79,59,69,88,92
student788,62,64,67,55,97,63,63,67,53,86,77,88,91,95,67,60,98,88,98,75,69,69,84,78,100
student789,95,71,72,57,70,74,83,73,96,100,53,64,87,84,82,55,65,61,56,59,86,68,62,76,55
student790,97,84,83,88,59,59,64,96,77,83,83,91,84,83,64,70,51,79,82,59,62,87,82,84,74
student791,72,85,97,79,88,61,55,64,93,71,67,90,92,86,79,92,64,57,68,71,67,60,79,80,56
student792,99,85,77,74,79,93,80,76,52,92,78,50,97,89,53,70,66,95,85,54,100,75,75,78,57
student793,78,81,57,54,74,73,78,72,63,53,59,89,86,59,98,76,61,90,71,62,51,78,79,55,85
student794,71,95,68,88,67,87,76,64,63,65,99,50,69,54,92,66,99,74,52,81,91,75,53,81,100
student795,94,50,76,55,60,86,93,68,80,97,62,92,71,95,88,79,88,68,88,58,67,54,77,75,54
student796,68,88,87,92,96,91,72,87,57,95,69,92,93,87,63,76,81,51,58,74,92,84,86,70,64
student797,82,84,100,87,58,52,95,75,82,65,98,93,66,85,86,78,53,68,80,56,82,68,62,57,57
student798,64,65,56,76,97,91,61,95,67,68,89,76,77,88,66,93,72,52,51,77,78,63,77,52,66
student799,82,79,71,84,86,75,90,85,70,99,90,92,53,72,83,91,92,51,92,67,77,87,65,96,54
student800,80,58,75,69,94,94,76,73,67,52,57,93,79,82,63,61,95,98,81,100,54,95,87,51,80
student801,64,97,79,74,66,94,99,70,99,88,90,64,57,71,59,70,58,70,76,89,80,52,97,79,92
student802,69,99,58,53,77,61,76,70,88,74,72,68,63,65,74,52,95,96,76,83,59,89,78,55,92
student803,78,71,76,50,65,96,65,70,51,98,83,62,79,92,69,72,77,82,86,79,57,97,79,90,64
student804,97,56,56,87,57,82,88,54,73,93,90,60,70,61,78,59,79,54,72,57,71,100,67,62,84
student805,75,99,69,69,70,50,74,90,80,68,87,86,68,58,89,56,97,73,93,52,63,66,89,52,97
student806,56,67,57,68,51,64,97,100,98,68,85,100,62,82,61,79,57,60,50,84,74,85,90,54,74
student807,78,87,52,72,65,94,76,57,80,52,95,98,65,84,88,51,94,81,54,99,55,98,52,76,53
student808,93,89,60,77,82,78,77,87,70,53,97,92,76,81,98,86,85,87,74,69,91,71,86,86,64
student809,69,59,72,69,54,75,70,63,72,66,55,54,65,88,62,89,60,95,99,97,50,54,53,82,79
student810,88,85,62,62,54,87,64,57,82,78,68,77,71,70,95,54,82,92,55,52,95,89,62,94,62
student811,52,52,92,98,73,79,94,87,64,76,91,81,76,90,74,57,57,88,94,57,84,54,52,78,50
student812,73,67,73,79,61,87,98,67,54,79,68,66,74,68,78,53,75,54,62,70,54,75,85,94,87
student813,59,81,96,60,87,79,65,86,91,58,69,88,52,91,88,95,53,72,52,56,55,68,92,82,85
student814,61,58,94,56,62,86,90,72,69,57,91,60,80,54,80,68,75,55,74,95,62,90,66,56,52
student815,69,96,95,96,96,94,87,50,57,68,60,64,87,57,82,63,88,60,64,87,68,52,94,92,68
student816,100,82,75,86,51,61,63,84,70,59,64,82,52,90,91,86,87,72,88,67,81,57,78,91,96
student817,79,82,69,95,69,82,50,97,72,82,51,62,85,54,62,93,88,85,75,65,86,65,75,81,75
student818,53,55,62,60,86,95,70,92,85,94,80,79,79,80,81,62,57,62,54,52,90,61,81,83,87
student819,95,68,72,89,65,72,73,72,100,68,92,87,68,71,87,74,62,91,74,87,80,87,94,93,68
student820,50,69,62,62,63,60,65,54,62,67,68,75,69,72,69,66,100,80,56,51,83,55,58,59,97
student821,94,84,87,79,67,58,60,86,68,68,94,55,87,89,61,65,79,69,100,93,63,75,63,98,75
student822,61,88,66,63,83,80,92,90,58,64,75,57,62,69,81,66,79,99,65,94,96,93,71,65,97
student823,92,55,75,55,57,96,82,57,72,83,96,100,58,95,75,82,61,88,58,50,85,58,85,51,77
student824,56,56,84,77,84,98,69,93,83,79,95,99,66,91,77,94,78,69,86,61,71,84,96,58,60
student825,78,62,69,73,78,75,71,71,72,90,62,88,100,85,86,71,56,70,87,64,67,83,78,78,98
student826,66,87,56,83,97,60,100,67,84,63,88,79,86,76,67,64,54,69,76,52,100,93,96,58,80
student827,79,98,79,89,81,61,94,81,84,56,82,95,86,71,86,50,64,80,87,66,54,54,79,99,100
student828,85,82,69,87,67,91,95,79,82,52,97,56,94,77,52,69,93,58,62,86,52,76,82,98,57
student829,51,100,59,60,55,61,80,94,89,92,83,63,73,99,75,62,59,51,73,73,83,95,75,75,55
student830,69,73,79,84,73,60,82,78,96,57,86,70,55,56,73,87,50,98,90,52,96,77,59,86,78
student831,86,64,76,64,68,71,70,65,71,79,82,78,62,55,63,88,84,93,61,89,52,71,72,86,53
student832,58,55,56,52,84,61,74,51,71,57,55,89,96,91,59,89,86,70,89,65,65,84,73,95,57
student833,75,84,67,97,99,68,65,80,77,68,90,100,93,58,55,98,61,74,62,57,91,56,51,75,97
student834,62,99,85,71,72,52,56,88,65,77,90,83,52,76,51,74,83,57,71,69,75,66,52,55,56
student835,69,95,78,66,85,85,76,90,82,76,50,57,53,84,59,88,53,60,58,70,78,85,88,53,84
student836,80,54,68,84,97,63,51,89,91,65,60,61,57,51,57,87,84,53,79,98,72,93,73,93,76
student837,61,67,79,96,58,51,75,95,70,75,93,52,97,66,83,56,94,87,95,80,81,94,93,94,56
student838,53,93,62,86,57,73,100,74,73,72,94,98,63,78,72,94,67,95,72,95,67,54,77,68,86
student839,62,89,75,58,79,78,53,62,97,73,85,92,70,73,75,52,70,97,53,50,74,60,51,100,87
student840,74,81,53,73,54,52,79,77,92,99,99,77,91,85,77,89,70,67,50,79,81,90,96,94,70
student841,79,67,77,85,87,65,58,91,56,90,67,80,69,65,78,84,67,85,94,62,81,65,64,52,92
student842,76,100,74,65,77,94,72,84,94,52,80,79,68,86,50,77,71,64,68,91,93,73,50,61,88
student843,96,86,92,94,82,57,58,58,67,51,62,92,63,66,79,91,76,60,63,56,84,73,62,57,76
student844,61,86,67,82,80,58,50,74,97,62,85,69,66,56,74,51,79,91,83,95,62,93,77,82,63
student845,52,53,91,83,51,63,92,71,64,84,90,95,74,72,80,68,98,63,76,50,64,59,87,66,92
student846,85,99,57,66,73,55,93,78,55,89,55,91,53,81,72,59,87,57,80,74,64,67,88,95,58
student847,80,84,88,60,86,93,67,83,87,98,93,83,96,85,96,69,82,84,58,50,82,76,89,83,85
student848,93,91,72,67,96,61,76,80,67,84,60,85,68,82,59,68,66,85,53,100,79,61,50,70,58
student849,96,60,56,57,75,61,62,72,52,73,80,50,81,87,59,55,100,79,96,71,85,72,68,86,100
student850,64,87,81,60,74,80,54,61,69,63,66,86,56,60,84,76,53,68,90,79,80,61,58,95,82
student851,74,74,72,59,98,85,59,58,69,76,91,50,93,67,96,51,68,84,60,98,77,62,65,87,93
student852,100,78,94,87,51,94,71,81,54,70,60,79,61,57,96,64,63,83,57,58,88,54,55,79,69
student853,96,69,86,94,96,60,65,61,73,76,96,53,99,94,89,66,94,96,64,59,55,86,91,74,79
student854,69,70,52,82,55,60,87,59,97,75,79,77,91,78,63,59,82,81,77,52,93,66,79,86,65
student855,53,91,95,76,75,61,91,74,100,99,65,83,91,61,54,89,51,60,78,91,92,56,78,87,60
student856,92,87,81,89,75,57,98,80,72,78,57,74,58,56,66,100,70,69,77,91,61,84,81,80,75
student857,99,67,63,94,69,67,85,57,96,71,88,99,83,73,93,54,81,60,95,56,92,93,89,92,87
student858,79,78,90,70,91,92,74,77,79,67,81,77,62,100,59,71,53,78,77,84,52,51,84,73,67
student859,93,64,68,80,74,86,84,89,88,97,68,95,95,54,82,56,67,56,51,53,82,82,68,83,53
student860,77,64,72,74,82,56,87,78,75,91,67,85,97,56,56,59,76,96,93,71,64,81,58,58,82
student861,88,86,61,69,85,78,60,55,67,55,89,75,95,59,60,76,51,93,89,79,66,68,63,90,90
student862,73,82,87,72,70,77,65,72,88,67,54,60,73,62,81,56,63,82,54,86,82,65,86,65,96
student863,52,69,50,66,76,71,98,99,50,64,100,60,57,65,82,56,81,79,81,98,74,63,57,66,89
student864,98,63,69,80,72,54,84,58,86,65,53,69,96,84,99,71,90,50,62,97,63,74,91,54,58
student865,77,53,82,92,83,57,71,92,61,83,66,56,86,97,59,87,64,87,73,71,98,88,76,88,57
student866,57,87,51,63,64,50,51,56,82,53,69,97,81,50,60,52,62,87,68,52,54,55,87,90,87
student867,76,83,64,59,93,56,64,65,73,96,73,91,70,74,90,95,82,74,58,57,54,93,65,74,97
student868,63,97,70,55,73,76,50,89,76,87,86,98,64,91,85,66,52,56,84,81,72,51,68,79,60
student869,67,97,55,97,60,100,53,51,82,69,72,99,72,71,91,81,78,95,70,64,65,53,73,56,60
student870,100,93,79,98,71,50,79,62,72,85,53,99,66,57,94,67,57,78,57,93,96,59,50,90,86
student871,64,69,93,85,93,90,59,65,60,56,74,83,67,70,100,83,86,94,98,68,58,72,98,82,50
student872,51,100,69,92,61,99,51,51,61,50,84,69,100,52,64,61,73,98,82,94,68,50,85,77,98
student873,83,72,98,71,96,93,88,69,69,53,74,50,91,97,83,77,69,94,59,94,69,96,57,55,98
student874,76,72,98,82,51,100,72,79,52,50,59,81,90,73,51,67,59,60,67,90,79,53,84,52,82
student875,65,74,65,82,89,60,50,95,70,63,94,79,82,99,56,97,97,85,95,100,77,60,76,62,95
student876,53,56,87,76,60,61,59,85,96,71,98,67,55,93,83,93,66,51,95,58,99,86,92,66,66
student877,57,74,64,55,85,82,80,85,70,71,69,54,80,85,74,75,74,65,89,97,82,61,51,63,54
student878,68,81,65,64,59,57,72,100,59,67,95,74,61,66,65,95,87,98,51,52,94,53,66,93,83
student879,71,74,52,92,79,76,66,81,63,57,78,50,72,53,65,92,71,63,90,66,67,58,63,78,76
student880,80,81,82,66,68,59,53,82,74,64,98,68,64,97,68,92,60,81,50,98,53,98,97,65,55
student881,57,60,92,99,80,71,97,59,83,78,92,73,53,85,70,52,77,70,56,73,69,96,94,100,80
student882,70,75,79,93,65,60,94,54,53,98,51,51,53,61,77,92,94,56,80,60,83,81,61,95,91
student883,56,70,77,95,79,53,64,96,96,89,71,69,94,53,92,86,63,91,92,61,91,69,84,90,50
student884,98,69,97,75,75,53,50,77,54,68,52,54,89,97,93,69,76,75,87,52,82,69,77,64,84
student885,62,65,66,63,54,65,100,83,50,99,59,68,61,93,53,73,70,51,85,93,64,68,76,67,82
student886,70,57,55,93,67,85,52,97,76,94,93,66,81,96,68,83,87,79,94,82,83,98,85,87,81
student887,99,67,71,68,50,76,82,93,82,77,63,93,97,79,98,87,51,72,58,95,89,66,70,76,57
student888,70,81,67,71,74,59,83,86,95,65,51,84,74,77,71,50,81,91,86,72,74,91,99,76,88
student889,64,54,52,60,87,64,76,63,53,91,84,96,73,63,99,85,52,60,76,79,84,78,54,85,74
student890,79,74,84,72,86,94,63,76,50,77,58,77,94,100,54,75,75,93,75,58,83,85,70,72,61
student891,52,95,51,53,83,80,68,76,50,86,77,53,66,80,53,70,98,92,51,69,85,58,92,83,55
student892,97,55,62,92,62,68,91,69,51,61,80,77,94,53,64,90,64,81,93,61,98,89,77,92,64
student893,82,52,78,98,59,71,98,64,99,57,98,67,60,76,71,99,66,94,63,79,92,79,63,92,64
student894,59,62,72,94,82,96,86,96,97,89,83,59,86,65,88,74,74,54,87,93,62,64,60,88,74
student895,84,66,55,67,98,67,96,88,77,70,69,58,88,60,69,90,51,86,64,96,66,68,92,72,64
student896,73,50,60,68,85,58,68,99,56,50,54,100,54,77,95,70,60,87,80,73,92,69,76,58,81
student897,71,61,74,73,79,85,90,78,68,61,96,52,99,61,80,65,74,90,65,67,96,81,54,100,87
student898,72,99,59,73,83,62,81,99,55,65,78,85,90,63,62,74,99,70,75,65,97,97,60,73,85
student899,50,50,89,70,86,52,55,91,100,97,82,57,61,65,87,50,85,79,60,75,67,78,97,51,79
student900,83,95,97,53,58,92,86,59,57,56,65,61,67,89,53,75,65,98,54,71,88,82,75,63,52
student901,77,95,78,85,63,68,100,58,51,81,59,53,82,91,77,61,97,68,88,56,86,85,54,64,61
student902,83,63,56,98,58,69,71,50,64,63,57,79,98,99,73,78,96,100,70,83,64,57,58,87,79
student903,84,55,93,84,97,69,75,66,56,70,78,89,74,83,50,88,64,99,51,85,86,71,55,99,57
student904,99,61,94,88,72,94,66,70,53,86,72,66,68,76,97,76,58,73,73,90,70,98,52,54,55
student905,78,78,93,80,83,81,71,93,82,61,83,56,76,66,98,67,63,55,87,85,69,54,77,94,70
student906,62,53,83,84,68,82,88,98,75,96,86,87,77,68,63,59,95,55,96,95,91,87,80,78,69
student907,78,74,88,95,71,92,64,64,86,99,93,95,61,55,76,67,68,58,71,87,79,74,66,87,86
student908,96,81,50,97,94,69,100,79,59,70,54,97,66,86,97,98,100,65,81,97,71,87,81,82,85
student909,93,83,53,81,50,57,91,77,90,85,71,74,71,70,68,72,55,72,63,63,67,82,87,62,78
student910,55,95,55,53,74,88,90,74,95,100,54,72,66,92,57,86,55,78,85,63,51,59,62,77,75
student911,77,89,84,96,66,82,60,55,93,76,72,88,70,97,70,52,82,54,54,96,89,80,93,80,56
student912,73,91,88,82,69,82,72,82,96,66,72,81,51,94,89,56,57,99,62,80,50,98,97,67,60
student913,85,87,93,64,86,69,73,59,66,69,52,68,53,94,96,89,93,83,86,79,79,68,90,74,65
student914,85,73,62,66,88,89,91,73,86,82,86,100,86,77,94,91,74,65,81,96,61,50,68,87,57
student915,98,90,51,75,69,93,62,56,82,89,75,51,94,52,83,56,63,75,83,94,78,100,71,84,100
student916,91,87,66,62,63,100,78,76,55,70,73,62,50,93,88,71,92,96,59,86,75,65,64,74,100
student917,59,54,71,67,81,82,87,71,75,61,55,81,73,71,67,97,62,75,69,52,76,96,66,92,60
student918,87,84,80,95,84,81,68,69,56,59,89,91,97,68,52,89,80,60,82,74,97,74,75,86,79
student919,60,55,60,80,69,96,71,55,71,71,99,51,71,57,60,80,91,51,74,77,53,70,65,51,56
student920,56,53,55,72,56,54,99,90,96,63,95,79,50,88,84,74,100,67,85,69,56,97,93,52,58
student921,81,61,78,74,93,52,78,90,59,87,91,83,93,73,57,83,59,72,75,100,57,95,60,59,91
student922,92,92,94,89,56,98,95,56,79,75,97,51,64,75,77,64,73,61,62,89,63,78,62,66,62
student923,52,86,72,95,60,70,95,93,62,50,98,55,81,81,99,90,68,69,80,57,65,72,60,96,80
student924,64,66,85,62,88,99,60,51,62,97,82,99,74,75,50,87,86,71,65,52,52,68,75,82,96
student925,68,60,62,96,91,90,88,74,58,95,69,68,80,73,62,59,58,79,64,81,52,56,95,59,59
student926,86,95,67,52,92,89,69,88,63,58,74,54,97,91,66,90,94,83,78,50,76,65,79,57,98
student927,61,68,70,52,92,87,87,82,68,50,71,82,81,96,86,68,76,60,61,50,65,66,75,74,85
student928,93,54,88,58,52,53,59,89,61,73,89,73,60,98,99,57,73,57,74,62,76,90,89,61,77
student929,93,96,91,70,85,59,56,93,80,69,54,94,95,83,96,66,54,62,85,91,93,52,58,91,74
student930,88,92,79,85,58,97,52,76,96,75,68,62,80,90,70,70,73,69,77,53,89,58,70,87,58
student931,83,97,95,71,72,95,58,88,95,87,68,51,91,68,65,61,75,86,81,99,77,92,92,62,72
student932,93,53,99,96,86,100,74,54,57,72,84,100,87,92,57,80,54,100,54,51,50,79,66,72,95
student933,54,69,74,53,51,69,67,85,76,79,90,82,57,58,68,62,61,66,55,82,74,60,52,92,67
student934,50,99,65,61,89,67,100,94,63,87,96,52,61,82,66,68,64,85,99,61,61,88,80,86,75
student935,57,75,91,55,91,59,72,53,90,84,83,84,85,75,63,90,77,100,98,51,63,68,93,100,55
student936,72,59,94,53,65,89,70,79,74,97,97,96,77,93,77,62,68,68,59,72,91,87,70,96,72
student937,68,92,93,89,100,100,72,53,68,73,86,63,90,66,86,64,67,78,60,52,100,69,57,99,68
student938,90,60,62,56,88,64,54,51,95,97,82,70,55,56,99,100,83,55,73,80,60,94,69,94,99
student939,63,77,50,57,80,52,55,52,61,89,82,60,75,98,82,68,63,70,63,73,76,62,54,98,55
student940,63,71,69,93,58,97,96,56,69,72,82,94,92,88,88,64,74,65,57,87,65,85,68,62,80
student941,66,68,58,55,71,59,51,92,74,56,50,87,76,54,63,72,91,73,51,74,94,88,66,95,97
student942,83,50,87,61,92,54,72,55,92,72,92,96,64,80,74,74,66,95,82,91,50,53,91,72,66
student943,95,57,90,56,88,100,50,53,51,67,61,59,78,83,83,97,55,69,67,60,54,83,92,81,63
student944,79,58,91,80,73,53,63,50,61,61,58,80,56,70,89,55,65,50,54,82,56,81,70,84,85
student945,72,82,78,78,93,86,58,100,86,61,80,88,82,78,95,54,61,77,94,88,79,73,57,84,93
student946,54,63,64,69,97,91,56,95,55,59,90,81,78,89,57,94,59,100,57,87,57,83,58,87,59
student947,53,74,61,56,57,60,86,79,60,72,91,84,84,84,58,59,87,98,55,82,77,66,70,84,55
student948,52,81,54,76,63,91,95,95,94,81,85,56,91,74,66,91,62,84,57,69,89,82,51,79,80
student949,85,98,98,53,58,57,80,57,67,88,55,52,56,81,78,67,89,90,61,67,97,77,81,70,57
student950,87,65,64,50,51,75,66,64,58,51,97,90,52,98,76,59,79,51,85,91,73,72,72,84,87
student951,94,89,86,81,56,54,74,91,89,97,81,100,62,96,59,90,57,54,100,96,78,52,84,66,65
student952,59,97,77,65,70,51,70,92,70,95,90,63,95,71,62,85,76,52,75,90,91,96,86,60,89
student953,99,56,67,55,99,62,89,100,80,88,54,69,60,64,85,99,59,73,77,50,63,55,72,66,78
student954,66,60,58,76,69,98,72,82,84,94,89,58,78,87,66,86,69,83,97,74,77,61,75,80,56
student955,62,83,71,81,66,74,69,69,64,78,65,99,75,54,55,77,68,50,62,58,81,51,91,63,98
student956,61,97,69,69,97,83,86,95,84,86,98,54,53,55,65,73,83,57,76,52,68,60,54,57,53
student957,89,77,71,86,97,56,89,75,73,71,68,80,96,67,69,59,52,80,87,74,89,72,66,85,79
student958,96,73,66,67,53,92,88,75,64,50,80,84,55,98,87,75,95,75,85,55,53,57,65,70,62
student959,78,56,58,51,86,61,61,98,84,59,70,79,58,70,87,98,85,90,80,63,86,81,50,53,95
student960,85,60,80,58,90,80,65,68,55,74,81,54,82,72,58,56,88,64,88,71,59,77,69,72,85
student961,62,80,76,74,89,78,55,50,60,57,96,56,95,50,56,60,78,77,76,78,61,71,65,90,73
student962,80,100,64,99,91,51,94,85,71,69,86,60,78,73,69,58,95,100,57,88,65,65,55,95,50
student963,50,60,90,100,62,51,52,89,65,55,61,57,61,75,94,74,86,64,72,84,68,83,94,75,52
student964,99,58,67,80,56,95,67,65,72,90,75,61,86,62,64,85,62,66,89,87,55,72,74,72,88
student965,56,54,97,64,51,50,53,71,53,71,89,51,97,79,76,86,56,67,99,65,96,79,87,53,95
student966,61,80,60,69,88,66,96,74,94,70,67,75,96,57,74,69,68,80,70,94,90,57,55,51,83
student967,90,63,55,86,50,57,50,57,98,80,79,67,52,73,76,99,76,86,69,77,98,71,100,57,52
student968,82,72,78,86,67,64,72,65,57,88,87,59,76,74,69,82,88,86,59,70,61,65,51,71,62
student969,64,92,54,60,85,53,80,94,78,88,87,86,99,52,68,52,88,94,92,60,66,88,50,62,75
student970,97,54,56,59,58,54,84,92,74,83,81,67,50,84,74,55,59,62,83,89,74,78,89,86,92
student971,94,73,58,65,89,87,57,57,53,54,80,91,53,91,68,58,55,97,77,82,74,100,70,63,83
student972,94,67,57,60,51,84,87,65,74,61,100,85,62,59,100,84,65,54,61,83,93,71,98,68,95
student973,53,96,59,75,52,53,97,54,93,51,76,73,83,95,65,53,79,61,85,94,75,80,83,99,88
student974,69,69,57,62,73,80,73,95,65,86,98,62,77,66,95,83,83,81,73,65,98,92,82,90,76
student975,75,78,64,91,86,54,84,92,68,76,79,93,90,87,97,83,80,64,67,76,94,85,90,63,98
student976,88,50,64,83,89,67,94,70,92,99,88,94,100,100,68,56,91,87,100,81,69,83,74,82,83
student977,58,69,88,88,97,80,54,94,81,60,55,96,99,92,69,75,53,83,65,72,96,60,77,94,80
student978,58,82,58,98,77,82,50,93,61,91,58,88,64,80,98,58,72,70,94,89,80,76,66,60,74
student979,78,54,60,86,95,98,92,93,57,74,71,88,90,58,66,76,94,74,96,55,66,100,69,86,61
student980,87,100,81,84,83,86,66,68,53,53,88,77,65,86,76,100,55,98,93,99,96,67,90,52,91
student981,65,55,74,75,74,78,70,75,75,51,94,72,80,57,77,74,97,91,59,75,83,85,82,76,56
student982,51,94,51,69,67,96,86,88,92,53,96,83,71,63,58,85,70,75,56,100,57,94,64,81,55
student983,61,51,72,73,94,57,83,81,75,96,61,91,78,100,82,89,87,65,94,70,97,59,81,81,98
student984,92,52,71,81,77,83,90,51,64,61,55,54,50,64,74,77,69,63,94,92,83,88,55,55,89
student985,87,58,95,99,77,82,93,63,93,50,89,77,58,98,73,77,55,50,56,52,65,74,92,72,81
student986,60,73,91,71,53,59,92,80,51,95,88,97,58,72,53,85,71,76,92,67,100,72,79,92,53
student987,80,51,67,53,71,71,86,90,54,79,84,62,98,94,66,96,56,96,72,67,93,56,90,60,84
student988,75,98,62,78,70,90,77,67,100,56,51,61,59,87,70,54,63,99,68,97,79,54,71,55,100
student989,77,80,77,61,50,77,85,58,62,69,53,63,63,69,90,75,67,58,91,52,90,77,96,67,62
student990,88,51,88,94,52,94,69,92,66,93,65,70,76,62,92,84,68,59,85,82,95,93,73,53,88
student991,66,64,69,99,64,50,60,76,78,82,65,88,85,53,51,100,62,53,92,87,51,83,95,98,82
student992,92,92,80,53,67,68,72,77,84,69,87,68,56,72,85,53,72,89,76,98,100,67,52,52,54
student993,99,53,76,50,74,98,89,53,96,94,82,79,55,93,84,91,67,81,61,84,73,83,74,75,68
student994,88,57,100,61,90,98,85,70,80,63,58,69,55,73,97,77,97,64,97,56,95,65,93,63,60
student995,72,52,90,53,50,65,51,83,97,100,91,53,60,78,72,56,50,63,70,91,63,61,70,74,78
student996,59,79,66,64,69,95,83,54,52,58,86,78,100,69,63,82,52,65,66,52,79,55,95,51,100
student997,96,78,76,68,64,50,65,54,60,80,80,84,51,80,100,72,62,85,86,94,57,97,55,92,58
student998,95,64,54,87,100,84,89,84,88,73,91,57,91,70,63,64,89,67,98,96,65,66,53,98,99
student999,78,84,59,99,92,92,83,76,63,59,75,59,80,60,60,84,71,68,93,76,94,56,54,59,54
student1000,59,72,60,89,50,89,100,91,96,80,99,100,60,76,79,85,95,67,63,69,86,62,66,75,96
