student1,94,88,86,78,94
student2,88,78,80,84,80
student3,84,97,85,73,76
student4,72,99,72,86,82
student5,71,92,71,77,91
student6,89,96,77,71,76
student7,97,74,65,71,87
student8,90,69,67,76,70
student9,81,83,100,87,92
student10,87,72,70,89,69
student11,72,69,69,65,91
student12,78,84,76,76,83
student13,86,66,70,84,97
student14,85,84,97,87,88
student15,67,82,82,76,81
student16,98,73,72,85,77
student17,74,79,87,87,94
student18,69,95,94,72,94
student19,76,79,69,86,72
student20,95,78,81,80,85
student21,91,87,96,82,74
student22,66,89,67,84,84
student23,69,100,72,96,85
student24,66,83,87,81,85
student25,95,98,97,94,75
student26,78,93,71,67,94
student27,80,86,70,80,78
student28,89,89,94,73,66
student29,90,85,75,79,72
student30,65,98,94,85,67
student31,79,69,88,95,74
student32,78,87,79,72,66
student33,67,65,99,91,97
student34,93,84,97,99,73
student35,76,74,84,93,76
student36,67,81,85,65,93
student37,97,80,100,80,65
student38,84,90,66,81,94
student39,78,80,71,74,79
student40,81,71,73,80,89
student41,86,98,77,94,67
student42,84,99,93,90,87
student43,97,78,75,66,94
student44,68,82,87,91,69
student45,83,74,99,76,95
student46,96,83,79,89,71
student47,70,85,94,73,74
student48,99,72,92,65,87
student49,78,93,99,77,85
student50,96,91,76,72,66
student51,94,86,77,91,96
student52,79,68,81,100,67
student53,97,73,91,80,78
student54,88,77,74,65,91
student55,94,99,85,83,99
student56,89,99,97,85,98
student57,90,85,90,90,76
student58,78,69,67,87,69
student59,79,81,98,79,97
student60,98,77,83,78,80
student61,90,69,76,98,67
student62,71,95,90,86,72
student63,88,86,88,65,88
student64,86,86,94,89,71
student65,66,84,87,66,75
student66,71,81,73,67,92
student67,99,67,72,80,75
student68,87,67,80,89,79
student69,86,78,98,83,94
student70,99,71,97,80,83
student71,84,89,90,99,85
student72,94,75,80,69,78
student73,82,86,68,95,86
student74,76,99,78,83,87
student75,71,93,77,90,91
student76,92,73,77,86,84
student77,84,93,69,95,86
student78,80,82,78,65,80
student79,88,71,72,99,100
student80,88,72,95,65,82
student81,90,89,88,82,95
student82,74,80,92,81,69
student83,77,95,96,96,72
student84,77,68,95,87,69
student85,92,68,65,67,78
student86,91,75,77,97,95
student87,92,71,98,96,96
student88,88,83,70,100,73
student89,79,90,65,82,80
student90,91,77,93,75,89
student91,83,74,81,99,70
student92,79,77,70,79,75
student93,66,67,88,97,71
student94,76,92,67,84,75
student95,91,81,92,85,99
student96,98,100,74,86,86
student97,97,89,89,99,100
student98,74,84,95,100,77
student99,76,78,67,99,71
student100,86,83,79,96,76
